#Frame   HeadAnyN
       1    6.048
       2    6.466
       3    6.499
       4    4.999
       5    4.468
       6    5.903
       7    6.506
       8    6.207
       9    6.672
      10    6.964
      11    6.483
      12    5.591
      13    5.644
      14    4.629
      15    6.631
      16    6.359
      17    6.912
      18    6.481
      19    7.270
      20    7.059
      21    7.040
      22    6.596
      23    5.896
      24    7.225
      25    7.040
      26    6.269
      27    6.342
      28    6.986
      29    6.707
      30    6.211
      31    6.266
      32    6.361
      33    7.238
      34    7.180
      35    7.079
      36    7.329
      37    6.627
      38    5.993
      39    6.111
      40    5.978
      41    7.594
      42    6.783
      43    6.749
      44    5.181
      45    5.609
      46    5.339
      47    4.516
      48    6.771
      49    6.396
      50    6.396
      51    6.037
      52    5.189
      53    5.943
      54    6.987
      55    5.451
      56    6.344
      57    5.744
      58    6.043
      59    5.821
      60    5.764
      61    5.221
      62    6.029
      63    6.411
      64    6.135
      65    4.756
      66    4.506
      67    4.258
      68    4.702
      69    4.468
      70    4.707
      71    4.189
      72    4.124
      73    5.140
      74    4.593
      75    4.363
      76    4.417
      77    4.452
      78    4.651
      79    4.634
      80    4.602
      81    4.472
      82    4.596
      83    4.390
      84    4.109
      85    4.546
      86    4.905
      87    4.459
      88    3.871
      89    3.883
      90    3.801
      91    3.758
      92    5.421
      93    4.305
      94    4.502
      95    4.382
      96    4.784
      97    5.212
      98    4.656
      99    5.242
     100    4.937
     101    5.728
     102    4.727
     103    5.708
     104    5.918
     105    5.724
     106    4.868
     107    3.981
     108    3.692
     109    4.006
     110    4.161
     111    4.045
     112    4.688
     113    4.178
     114    4.957
     115    4.528
     116    4.571
     117    4.788
     118    4.773
     119    3.852
     120    4.465
     121    4.231
     122    4.715
     123    4.702
     124    4.215
     125    4.216
     126    4.678
     127    3.912
     128    4.595
     129    4.968
     130    4.987
     131    4.418
     132    4.159
     133    4.286
     134    4.297
     135    5.282
     136    5.127
     137    4.557
     138    4.539
     139    5.269
     140    4.868
     141    5.029
     142    4.902
     143    4.809
     144    6.119
     145    5.963
     146    5.732
     147    4.396
     148    4.324
     149    4.502
     150    4.415
     151    4.498
     152    5.789
     153    6.124
     154    5.210
     155    5.890
     156    5.941
     157    5.792
     158    4.044
     159    4.643
     160    4.004
     161    3.988
     162    4.451
     163    4.305
     164    4.523
     165    4.824
     166    4.580
     167    4.604
     168    4.995
     169    4.451
     170    5.555
     171    5.785
     172    5.691
     173    5.636
     174    5.713
     175    5.982
     176    4.449
     177    5.249
     178    4.598
     179    4.934
     180    4.664
     181    4.510
     182    4.867
     183    4.776
     184    5.601
     185    4.479
     186    3.938
     187    3.391
     188    4.189
     189    4.400
     190    4.908
     191    4.465
     192    5.025
     193    5.329
     194    5.321
     195    5.690
     196    5.042
     197    6.369
     198    5.482
     199    4.618
     200    5.221
     201    5.277
     202    5.814
     203    4.800
     204    4.518
     205    4.552
     206    5.438
     207    4.805
     208    4.313
     209    3.913
     210    5.047
     211    5.428
     212    5.499
     213    4.726
     214    5.336
     215    5.839
     216    5.836
     217    5.102
     218    5.353
     219    5.461
     220    5.171
     221    6.134
     222    5.947
     223    5.557
     224    5.857
     225    4.929
     226    5.919
     227    4.902
     228    4.600
     229    5.349
     230    5.621
     231    4.884
     232    4.312
     233    5.031
     234    4.830
     235    5.903
     236    5.794
     237    5.332
     238    6.085
     239    4.519
     240    5.832
     241    6.168
     242    4.993
     243    4.441
     244    4.495
     245    5.371
     246    4.432
     247    4.582
     248    4.511
     249    5.467
     250    4.207
     251    4.825
     252    6.496
     253    6.149
     254    5.882
     255    4.921
     256    5.279
     257    4.727
     258    4.162
     259    5.991
     260    5.570
     261    6.887
     262    6.050
     263    4.330
     264    4.831
     265    6.273
     266    4.615
     267    4.597
     268    4.723
     269    5.158
     270    5.613
     271    4.729
     272    4.837
     273    5.563
     274    4.170
     275    4.056
     276    4.744
     277    4.418
     278    4.636
     279    5.333
     280    4.373
     281    5.646
     282    4.585
     283    5.123
     284    4.412
     285    4.387
     286    4.963
     287    4.180
     288    4.848
     289    4.367
     290    4.929
     291    4.783
     292    4.546
     293    4.647
     294    4.161
     295    5.131
     296    5.278
     297    4.554
     298    4.397
     299    6.492
     300    6.268
     301    6.186
     302    6.018
     303    5.996
     304    5.139
     305    4.729
     306    5.649
     307    5.321
     308    5.810
     309    4.781
     310    5.770
     311    5.441
     312    4.771
     313    4.230
     314    3.587
     315    4.738
     316    4.374
     317    4.548
     318    4.376
     319    5.943
     320    5.625
     321    5.784
     322    4.641
     323    4.673
     324    4.772
     325    4.533
     326    4.532
     327    4.348
     328    4.819
     329    4.449
     330    5.505
     331    6.743
     332    5.668
     333    5.853
     334    6.259
     335    6.630
     336    5.916
     337    6.119
     338    5.871
     339    5.734
     340    6.659
     341    6.174
     342    5.275
     343    6.800
     344    5.959
     345    6.219
     346    6.048
     347    5.289
     348    5.470
     349    6.427
     350    5.887
     351    6.239
     352    7.173
     353    7.689
     354    5.998
     355    6.113
     356    6.505
     357    6.384
     358    5.233
     359    5.700
     360    5.897
     361    5.494
     362    6.330
     363    5.903
     364    6.187
     365    6.314
     366    5.517
     367    6.378
     368    6.366
     369    6.409
     370    5.802
     371    6.497
     372    6.366
     373    6.023
     374    7.739
     375    8.056
     376    6.325
     377    6.021
     378    6.206
     379    7.140
     380    7.088
     381    7.098
     382    6.502
     383    6.622
     384    6.619
     385    5.377
     386    6.089
     387    6.477
     388    7.333
     389    7.037
     390    6.492
     391    7.330
     392    6.966
     393    7.092
     394    6.906
     395    6.771
     396    7.383
     397    7.657
     398    7.518
     399    6.854
     400    6.510
     401    6.569
     402    5.431
     403    5.722
     404    5.640
     405    5.378
     406    5.203
     407    5.970
     408    5.580
     409    5.936
     410    5.347
     411    5.115
     412    3.735
     413    5.648
     414    5.282
     415    4.212
     416    4.289
     417    4.281
     418    4.115
     419    3.761
     420    3.572
     421    3.964
     422    4.186
     423    4.128
     424    4.190
     425    3.747
     426    5.168
     427    4.258
     428    4.657
     429    3.509
     430    3.915
     431    3.298
     432    3.972
     433    4.631
     434    4.308
     435    4.664
     436    4.300
     437    4.879
     438    4.236
     439    3.927
     440    4.599
     441    4.191
     442    4.034
     443    4.524
     444    3.755
     445    3.834
     446    4.310
     447    4.200
     448    3.641
     449    3.625
     450    3.853
     451    4.156
     452    4.122
     453    3.476
     454    4.093
     455    4.047
     456    4.444
     457    4.212
     458    3.824
     459    4.287
     460    4.424
     461    4.421
     462    3.774
     463    3.902
     464    3.854
     465    3.692
     466    4.109
     467    4.078
     468    4.397
     469    3.848
     470    4.858
     471    4.196
     472    6.508
     473    5.928
     474    4.470
     475    4.868
     476    5.272
     477    4.189
     478    5.610
     479    4.377
     480    3.723
     481    4.027
     482    3.705
     483    3.825
     484    3.867
     485    3.870
     486    4.050
     487    5.019
     488    4.143
     489    4.242
     490    5.150
     491    3.655
     492    4.227
     493    4.107
     494    4.534
     495    4.561
     496    4.104
     497    4.488
     498    3.689
     499    4.141
     500    4.271
     501    4.285
     502    4.214
     503    3.954
     504    3.623
     505    4.293
     506    4.039
     507    3.577
     508    4.073
     509    4.101
     510    5.115
     511    5.309
     512    5.404
     513    5.334
     514    4.279
     515    5.002
     516    3.859
     517    4.443
     518    5.062
     519    5.965
     520    6.121
     521    6.298
     522    6.388
     523    6.698
     524    7.664
     525    6.844
     526    6.697
     527    6.575
     528    6.591
     529    7.450
     530    6.635
     531    7.569
     532    5.309
     533    6.260
     534    6.416
     535    6.080
     536    5.689
     537    6.183
     538    6.145
     539    6.367
     540    6.052
     541    5.936
     542    4.415
     543    4.712
     544    4.784
     545    4.690
     546    4.403
     547    4.296
     548    4.180
     549    4.085
     550    4.816
     551    3.601
     552    3.937
     553    3.627
     554    3.924
     555    4.156
     556    4.039
     557    5.012
     558    4.478
     559    4.428
     560    4.139
     561    4.671
     562    5.290
     563    4.788
     564    4.773
     565    4.810
     566    4.905
     567    3.751
     568    4.882
     569    4.340
     570    4.466
     571    4.349
     572    4.441
     573    4.350
     574    4.273
     575    4.326
     576    4.712
     577    3.874
     578    4.430
     579    4.286
     580    4.383
     581    3.853
     582    3.991
     583    4.795
     584    4.542
     585    4.265
     586    4.618
     587    3.968
     588    4.010
     589    4.756
     590    3.982
     591    3.499
     592    3.756
     593    3.856
     594    4.011
     595    4.194
     596    3.721
     597    4.011
     598    4.383
     599    3.457
     600    4.041
     601    4.386
     602    4.543
     603    3.899
     604    3.722
     605    6.090
     606    4.232
     607    4.692
     608    4.386
     609    4.795
     610    4.773
     611    4.029
     612    4.148
     613    3.800
     614    3.865
     615    4.016
     616    4.485
     617    4.313
     618    3.494
     619    4.567
     620    4.742
     621    4.427
     622    4.393
     623    3.732
     624    3.858
     625    4.222
     626    3.505
     627    3.448
     628    3.759
     629    4.757
     630    4.340
     631    4.949
     632    3.797
     633    3.794
     634    3.664
     635    4.545
     636    3.353
     637    3.734
     638    4.054
     639    3.967
     640    4.298
     641    4.365
     642    4.698
     643    4.504
     644    4.059
     645    4.994
     646    3.848
     647    4.997
     648    5.386
     649    5.629
     650    5.424
     651    5.546
     652    5.761
     653    4.851
     654    5.308
     655    6.667
     656    5.839
     657    6.046
     658    6.419
     659    6.360
     660    6.318
     661    7.053
     662    6.537
     663    6.490
     664    6.909
     665    6.906
     666    6.493
     667    6.057
     668    6.283
     669    4.997
     670    5.737
     671    5.443
     672    4.887
     673    4.926
     674    4.798
     675    5.399
     676    6.372
     677    5.367
     678    5.213
     679    6.195
     680    4.803
     681    6.770
     682    5.718
     683    5.889
     684    6.111
     685    6.128
     686    6.379
     687    5.688
     688    6.619
     689    4.765
     690    5.277
     691    6.674
     692    5.147
     693    5.488
     694    4.267
     695    5.953
     696    5.926
     697    4.326
     698    6.872
     699    6.604
     700    5.575
     701    6.658
     702    6.900
     703    7.439
     704    6.446
     705    7.165
     706    6.820
     707    7.069
     708    7.238
     709    6.216
     710    4.718
     711    5.588
     712    6.506
     713    6.265
     714    5.992
     715    4.657
     716    4.485
     717    5.064
     718    5.346
     719    6.213
     720    6.146
     721    5.894
     722    5.694
     723    6.150
     724    5.950
     725    5.669
     726    6.128
     727    5.632
     728    6.213
     729    6.180
     730    6.356
     731    5.649
     732    6.807
     733    6.075
     734    6.463
     735    6.131
     736    6.713
     737    5.592
     738    6.465
     739    6.269
     740    6.102
     741    5.643
     742    6.306
     743    6.855
     744    6.890
     745    6.825
     746    6.147
     747    4.611
     748    5.891
     749    6.268
     750    6.132
     751    5.902
     752    5.979
     753    6.362
     754    7.015
     755    6.365
     756    6.332
     757    6.514
     758    7.542
     759    6.913
     760    6.724
     761    6.758
     762    5.539
     763    5.356
     764    5.643
     765    5.878
     766    6.384
     767    4.768
     768    5.360
     769    4.301
     770    4.917
     771    5.889
     772    5.992
     773    5.849
     774    6.517
     775    6.290
     776    6.822
     777    5.939
     778    7.033
     779    6.740
     780    6.898
     781    5.497
     782    5.893
     783    6.623
     784    6.642
     785    6.665
     786    6.866
     787    6.499
     788    6.040
     789    6.582
     790    6.557
     791    7.032
     792    7.152
     793    6.508
     794    6.706
     795    6.818
     796    7.021
     797    6.833
     798    7.027
     799    7.474
     800    7.109
     801    6.850
     802    6.804
     803    6.757
     804    7.413
     805    7.480
     806    6.724
     807    7.674
     808    7.200
     809    7.318
     810    7.140
     811    7.092
     812    6.562
     813    6.899
     814    6.629
     815    6.289
     816    6.244
     817    7.131
     818    7.424
     819    7.312
     820    7.193
     821    7.774
     822    7.357
     823    7.664
     824    6.712
     825    7.181
     826    6.500
     827    7.082
     828    6.312
     829    7.245
     830    6.441
     831    6.796
     832    7.031
     833    7.123
     834    6.927
     835    7.045
     836    6.234
     837    5.956
     838    5.269
     839    5.098
     840    5.695
     841    4.907
     842    4.309
     843    4.507
     844    4.831
     845    4.884
     846    4.349
     847    4.200
     848    4.273
     849    4.382
     850    4.587
     851    4.819
     852    4.373
     853    4.707
     854    4.665
     855    4.931
     856    4.556
     857    4.091
     858    4.340
     859    4.411
     860    5.783
     861    5.076
     862    5.787
     863    5.587
     864    5.176
     865    6.252
     866    6.686
     867    5.663
     868    7.055
     869    6.479
     870    4.825
     871    4.312
     872    4.931
     873    6.433
     874    7.267
     875    4.989
     876    5.093
     877    4.304
     878    4.759
     879    5.359
     880    4.234
     881    4.503
     882    5.409
     883    5.438
     884    5.275
     885    6.358
     886    6.048
     887    6.077
     888    4.717
     889    5.584
     890    4.426
     891    4.922
     892    4.643
     893    4.535
     894    6.183
     895    6.398
     896    4.925
     897    5.289
     898    5.352
     899    4.272
     900    4.439
     901    5.305
     902    4.429
     903    4.551
     904    4.480
     905    4.965
     906    4.474
     907    4.748
     908    4.603
     909    4.364
     910    4.347
     911    5.653
     912    4.893
     913    6.323
     914    7.159
     915    6.616
     916    5.616
     917    5.517
     918    5.026
     919    5.022
     920    5.959
     921    6.624
     922    4.962
     923    4.166
     924    4.561
     925    5.050
     926    4.253
     927    4.464
     928    4.389
     929    4.619
     930    4.778
     931    4.182
     932    4.657
     933    4.202
     934    4.536
     935    6.322
     936    6.088
     937    5.465
     938    4.209
     939    4.789
     940    5.985
     941    5.587
     942    5.504
     943    5.451
     944    5.923
     945    4.961
     946    5.227
     947    5.335
     948    6.076
     949    5.075
     950    6.041
     951    5.908
     952    5.154
     953    5.722
     954    5.397
     955    6.042
     956    5.361
     957    5.100
     958    5.681
     959    5.516
     960    5.640
     961    5.438
     962    5.799
     963    6.678
     964    6.323
     965    6.734
     966    6.752
     967    7.338
     968    5.100
     969    6.246
     970    5.957
     971    5.365
     972    4.267
     973    4.566
     974    5.885
     975    6.998
     976    5.900
     977    6.758
     978    6.790
     979    6.227
     980    5.335
     981    5.541
     982    5.424
     983    6.219
     984    6.532
     985    5.148
     986    4.995
     987    5.386
     988    5.027
     989    6.369
     990    6.766
     991    5.978
     992    5.515
     993    5.887
     994    5.773
     995    6.867
     996    5.115
     997    6.939
     998    5.457
     999    5.616
    1000    5.834
    1001    5.840
    1002    6.934
    1003    4.945
    1004    6.466
    1005    5.730
    1006    6.027
    1007    4.711
    1008    5.296
    1009    4.622
    1010    4.866
    1011    5.815
    1012    4.310
    1013    4.592
    1014    4.746
    1015    4.686
    1016    4.326
    1017    4.198
    1018    5.323
    1019    4.622
    1020    4.745
    1021    4.541
    1022    4.527
    1023    5.804
    1024    6.128
    1025    5.516
    1026    5.335
    1027    5.767
    1028    6.606
    1029    6.905
    1030    6.922
    1031    6.543
    1032    5.183
    1033    5.964
    1034    5.678
    1035    5.464
    1036    6.054
    1037    7.402
    1038    7.242
    1039    6.083
    1040    6.133
    1041    5.916
    1042    6.458
    1043    5.639
    1044    4.626
    1045    5.706
    1046    5.765
    1047    6.474
    1048    6.468
    1049    4.629
    1050    5.644
    1051    5.740
    1052    6.735
    1053    5.946
    1054    6.599
    1055    4.566
    1056    5.356
    1057    4.215
    1058    5.126
    1059    4.507
    1060    4.371
    1061    4.818
    1062    4.672
    1063    5.466
    1064    4.404
    1065    4.496
    1066    4.986
    1067    4.415
    1068    4.967
    1069    4.099
    1070    5.704
    1071    4.405
    1072    4.322
    1073    5.163
    1074    6.006
    1075    6.349
    1076    6.764
    1077    6.550
    1078    5.809
    1079    6.577
    1080    6.144
    1081    6.032
    1082    4.572
    1083    5.119
    1084    4.923
    1085    4.771
    1086    5.624
    1087    4.459
    1088    4.591
    1089    4.832
    1090    4.613
    1091    5.231
    1092    4.526
    1093    4.404
    1094    4.407
    1095    4.414
    1096    4.190
    1097    4.556
    1098    4.634
    1099    4.644
    1100    4.437
    1101    5.594
    1102    4.550
    1103    4.386
    1104    5.196
    1105    4.349
    1106    4.398
    1107    5.622
    1108    6.269
    1109    4.642
    1110    4.905
    1111    5.116
    1112    4.365
    1113    4.329
    1114    4.494
    1115    4.230
    1116    5.188
    1117    5.775
    1118    5.560
    1119    5.512
    1120    5.388
    1121    5.728
    1122    4.969
    1123    6.066
    1124    6.359
    1125    6.572
    1126    5.666
    1127    6.067
    1128    6.289
    1129    6.687
    1130    5.617
    1131    5.980
    1132    6.420
    1133    5.761
    1134    7.322
    1135    7.190
    1136    6.033
    1137    4.630
    1138    6.237
    1139    5.853
    1140    4.636
    1141    4.937
    1142    5.671
    1143    6.343
    1144    4.686
    1145    5.967
    1146    7.214
    1147    6.709
    1148    5.740
    1149    6.732
    1150    6.483
    1151    6.783
    1152    5.799
    1153    6.051
    1154    7.061
    1155    5.512
    1156    6.417
    1157    5.563
    1158    5.819
    1159    6.317
    1160    6.634
    1161    5.990
    1162    5.829
    1163    5.431
    1164    6.104
    1165    5.436
    1166    5.257
    1167    6.087
    1168    6.163
    1169    5.513
    1170    6.264
    1171    6.450
    1172    6.026
    1173    5.040
    1174    6.084
    1175    7.186
    1176    6.817
    1177    5.183
    1178    5.496
    1179    4.756
    1180    4.609
    1181    4.698
    1182    5.601
    1183    5.392
    1184    5.728
    1185    6.315
    1186    6.398
    1187    5.298
    1188    5.551
    1189    5.685
    1190    5.964
    1191    4.794
    1192    5.486
    1193    5.549
    1194    5.206
    1195    5.623
    1196    6.111
    1197    5.815
    1198    6.487
    1199    6.456
    1200    7.511
    1201    6.943
    1202    6.460
    1203    6.242
    1204    6.687
    1205    5.511
    1206    5.769
    1207    6.112
    1208    5.221
    1209    6.093
    1210    6.695
    1211    6.202
    1212    6.735
    1213    6.479
    1214    5.861
    1215    5.909
    1216    6.519
    1217    6.114
    1218    5.770
    1219    6.358
    1220    6.392
    1221    4.604
    1222    5.744
    1223    6.418
    1224    5.492
    1225    4.951
    1226    4.533
    1227    5.855
    1228    5.924
    1229    5.247
    1230    6.042
    1231    5.537
    1232    4.496
    1233    5.622
    1234    5.684
    1235    4.322
    1236    5.054
    1237    6.177
    1238    6.760
    1239    5.968
    1240    5.808
    1241    5.845
    1242    4.258
    1243    5.130
    1244    5.296
    1245    6.017
    1246    6.061
    1247    5.704
    1248    5.750
    1249    6.513
    1250    5.931
    1251    5.831
    1252    5.074
    1253    4.800
    1254    4.849
    1255    6.270
    1256    6.136
    1257    6.475
    1258    6.087
    1259    5.886
    1260    6.992
    1261    6.829
    1262    6.863
    1263    6.165
    1264    5.955
    1265    6.357
    1266    6.631
    1267    7.273
    1268    7.460
    1269    7.394
    1270    6.855
    1271    6.586
    1272    6.523
    1273    6.731
    1274    6.930
    1275    6.309
    1276    6.958
    1277    7.410
    1278    7.355
    1279    6.067
    1280    6.985
    1281    5.784
    1282    6.371
    1283    5.887
    1284    6.079
    1285    5.688
    1286    6.533
    1287    6.525
    1288    6.022
    1289    7.300
    1290    6.733
    1291    6.555
    1292    6.633
    1293    5.322
    1294    5.034
    1295    6.698
    1296    5.821
    1297    4.460
    1298    4.503
    1299    4.539
    1300    5.828
    1301    5.482
    1302    5.418
    1303    5.726
    1304    5.740
    1305    5.878
    1306    6.373
    1307    5.952
    1308    4.487
    1309    5.462
    1310    4.768
    1311    5.674
    1312    5.864
    1313    6.613
    1314    6.078
    1315    6.623
    1316    6.630
    1317    7.211
    1318    6.350
    1319    6.193
    1320    5.810
    1321    4.410
    1322    4.005
    1323    5.250
    1324    4.730
    1325    6.400
    1326    5.613
    1327    6.240
    1328    6.394
    1329    4.636
    1330    6.569
    1331    6.427
    1332    6.495
    1333    6.472
    1334    5.992
    1335    6.064
    1336    5.958
    1337    5.776
    1338    5.300
    1339    4.751
    1340    4.765
    1341    5.898
    1342    7.433
    1343    5.854
    1344    6.272
    1345    5.913
    1346    6.115
    1347    6.016
    1348    6.540
    1349    6.436
    1350    6.222
    1351    6.467
    1352    6.670
    1353    7.404
    1354    7.344
    1355    5.152
    1356    6.537
    1357    6.526
    1358    6.387
    1359    5.309
    1360    6.166
    1361    5.374
    1362    6.673
    1363    5.843
    1364    5.851
    1365    5.726
    1366    5.772
    1367    6.058
    1368    6.563
    1369    6.213
    1370    4.764
    1371    4.902
    1372    5.643
    1373    5.231
    1374    6.835
    1375    6.226
    1376    6.907
    1377    6.844
    1378    6.644
    1379    6.395
    1380    5.478
    1381    7.005
    1382    6.411
    1383    6.708
    1384    6.879
    1385    5.202
    1386    7.338
    1387    7.578
    1388    7.382
    1389    8.181
    1390    7.373
    1391    7.169
    1392    6.341
    1393    6.499
    1394    7.078
    1395    7.204
    1396    5.863
    1397    6.736
    1398    6.850
    1399    6.909
    1400    6.058
    1401    5.729
    1402    5.994
    1403    5.803
    1404    6.362
    1405    7.181
    1406    7.890
    1407    6.336
    1408    7.807
    1409    8.022
    1410    6.007
    1411    5.559
    1412    6.539
    1413    6.355
    1414    7.083
    1415    5.630
    1416    6.596
    1417    7.284
    1418    7.755
    1419    5.850
    1420    4.792
    1421    6.326
    1422    5.807
    1423    6.206
    1424    5.795
    1425    5.565
    1426    5.824
    1427    5.643
    1428    5.947
    1429    4.508
    1430    4.762
    1431    4.403
    1432    4.057
    1433    4.708
    1434    4.269
    1435    4.484
    1436    3.679
    1437    4.125
    1438    4.772
    1439    4.496
    1440    4.697
    1441    4.338
    1442    4.162
    1443    3.949
    1444    4.013
    1445    4.054
    1446    4.201
    1447    4.414
    1448    4.313
    1449    4.576
    1450    4.855
    1451    4.567
    1452    4.907
    1453    4.405
    1454    4.486
    1455    3.708
    1456    3.928
    1457    3.846
    1458    3.554
    1459    3.506
    1460    3.867
    1461    4.148
    1462    3.755
    1463    3.894
    1464    4.411
    1465    4.244
    1466    4.134
    1467    4.732
    1468    3.531
    1469    4.797
    1470    4.285
    1471    4.760
    1472    4.267
    1473    4.334
    1474    4.385
    1475    4.401
    1476    4.865
    1477    4.626
    1478    4.395
    1479    4.750
    1480    5.423
    1481    6.306
    1482    5.047
    1483    6.087
    1484    5.946
    1485    6.471
    1486    4.679
    1487    5.968
    1488    5.095
    1489    5.432
    1490    6.429
    1491    4.975
    1492    4.690
    1493    5.391
    1494    4.523
    1495    5.892
    1496    4.327
    1497    6.312
    1498    5.324
    1499    5.157
    1500    5.846
    1501    5.505
    1502    4.745
    1503    6.735
    1504    5.956
    1505    5.620
    1506    6.329
    1507    5.624
    1508    6.538
    1509    5.839
    1510    6.988
    1511    5.847
    1512    6.016
    1513    6.373
    1514    6.207
    1515    6.378
    1516    6.448
    1517    6.499
    1518    6.958
    1519    7.015
    1520    5.784
    1521    6.250
    1522    5.862
    1523    5.713
    1524    6.211
    1525    5.833
    1526    5.661
    1527    6.078
    1528    5.929
    1529    6.254
    1530    5.968
    1531    5.093
    1532    6.195
    1533    6.709
    1534    6.302
    1535    5.947
    1536    6.153
    1537    6.327
    1538    6.302
    1539    6.896
    1540    7.077
    1541    7.428
    1542    6.134
    1543    6.378
    1544    5.505
    1545    6.023
    1546    7.477
    1547    6.570
    1548    7.099
    1549    5.828
    1550    5.732
    1551    5.721
    1552    6.283
    1553    6.121
    1554    6.349
    1555    6.148
    1556    6.363
    1557    6.353
    1558    5.824
    1559    5.940
    1560    5.441
    1561    4.293
    1562    5.004
    1563    5.953
    1564    5.886
    1565    6.346
    1566    6.904
    1567    6.486
    1568    6.174
    1569    7.139
    1570    6.945
    1571    5.681
    1572    5.413
    1573    6.152
    1574    5.258
    1575    5.578
    1576    5.762
    1577    6.126
    1578    4.858
    1579    4.892
    1580    5.241
    1581    5.430
    1582    5.381
    1583    6.321
    1584    5.875
    1585    5.482
    1586    5.018
    1587    6.549
    1588    6.076
    1589    5.839
    1590    6.681
    1591    5.564
    1592    4.775
    1593    4.880
    1594    5.560
    1595    6.333
    1596    6.603
    1597    7.200
    1598    6.588
    1599    4.805
    1600    6.915
    1601    6.400
    1602    4.976
    1603    6.530
    1604    5.951
    1605    5.390
    1606    5.983
    1607    5.754
    1608    5.507
    1609    5.823
    1610    5.853
    1611    6.451
    1612    6.183
    1613    6.489
    1614    6.067
    1615    6.235
    1616    5.902
    1617    5.515
    1618    6.294
    1619    6.891
    1620    6.670
    1621    6.332
    1622    5.799
    1623    5.710
    1624    5.863
    1625    6.334
    1626    6.720
    1627    6.822
    1628    6.347
    1629    6.778
    1630    5.987
    1631    5.758
    1632    5.472
    1633    5.601
    1634    5.487
    1635    5.458
    1636    5.765
    1637    6.412
    1638    5.794
    1639    5.432
    1640    5.953
    1641    5.038
    1642    5.812
    1643    6.813
    1644    6.139
    1645    5.573
    1646    5.876
    1647    5.070
    1648    6.181
    1649    6.886
    1650    6.454
    1651    6.482
    1652    6.804
    1653    6.667
    1654    6.416
    1655    6.222
    1656    5.860
    1657    6.255
    1658    5.946
    1659    5.592
    1660    4.523
    1661    4.760
    1662    5.078
    1663    5.623
    1664    6.472
    1665    6.532
    1666    6.286
    1667    6.547
    1668    6.272
    1669    6.163
    1670    6.363
    1671    6.358
    1672    6.331
    1673    5.890
    1674    5.981
    1675    5.506
    1676    7.299
    1677    6.969
    1678    7.442
    1679    6.048
    1680    5.150
    1681    5.696
    1682    5.885
    1683    7.431
    1684    7.119
    1685    7.350
    1686    7.171
    1687    6.133
    1688    5.318
    1689    6.148
    1690    6.175
    1691    5.397
    1692    5.061
    1693    4.996
    1694    4.708
    1695    4.545
    1696    4.543
    1697    4.418
    1698    4.588
    1699    4.799
    1700    4.392
    1701    3.942
    1702    4.013
    1703    4.485
    1704    4.132
    1705    3.869
    1706    4.096
    1707    4.204
    1708    4.715
    1709    4.356
    1710    4.402
    1711    4.855
    1712    4.710
    1713    4.335
    1714    4.451
    1715    4.509
    1716    4.101
    1717    4.537
    1718    4.707
    1719    4.778
    1720    4.757
    1721    4.477
    1722    5.265
    1723    4.264
    1724    4.555
    1725    4.423
    1726    4.279
    1727    4.663
    1728    4.839
    1729    5.543
    1730    6.368
    1731    4.237
    1732    4.004
    1733    4.305
    1734    4.242
    1735    4.817
    1736    4.424
    1737    4.202
    1738    4.363
    1739    4.345
    1740    3.788
    1741    4.592
    1742    4.120
    1743    4.300
    1744    4.526
    1745    4.727
    1746    4.589
    1747    4.558
    1748    3.880
    1749    3.760
    1750    4.538
    1751    4.386
    1752    3.917
    1753    4.523
    1754    4.422
    1755    4.482
    1756    5.029
    1757    4.820
    1758    4.437
    1759    4.490
    1760    4.306
    1761    4.444
    1762    4.729
    1763    4.454
    1764    4.761
    1765    5.027
    1766    4.522
    1767    5.022
    1768    4.538
    1769    5.101
    1770    4.501
    1771    5.362
    1772    4.362
    1773    4.319
    1774    4.784
    1775    4.669
    1776    4.645
    1777    4.586
    1778    4.680
    1779    4.867
    1780    4.285
    1781    3.893
    1782    3.433
    1783    3.935
    1784    4.407
    1785    4.077
    1786    4.244
    1787    4.846
    1788    4.111
    1789    3.926
    1790    4.351
    1791    4.727
    1792    4.281
    1793    4.356
    1794    3.886
    1795    4.289
    1796    3.929
    1797    4.200
    1798    4.504
    1799    4.379
    1800    4.910
    1801    3.925
    1802    4.531
    1803    4.508
    1804    5.111
    1805    4.385
    1806    4.034
    1807    4.379
    1808    4.619
    1809    4.236
    1810    4.934
    1811    4.591
    1812    4.661
    1813    4.100
    1814    4.388
    1815    4.370
    1816    4.813
    1817    4.416
    1818    4.644
    1819    4.389
    1820    3.628
    1821    4.529
    1822    4.417
    1823    4.172
    1824    3.873
    1825    4.494
    1826    4.127
    1827    4.423
    1828    4.137
    1829    4.604
    1830    4.299
    1831    5.128
    1832    4.714
    1833    4.540
    1834    4.838
    1835    4.579
    1836    4.975
    1837    4.487
    1838    5.118
    1839    4.718
    1840    4.332
    1841    4.219
    1842    4.315
    1843    4.543
    1844    5.158
    1845    5.930
    1846    4.159
    1847    4.557
    1848    4.465
    1849    3.701
    1850    5.435
    1851    5.205
    1852    3.839
    1853    4.052
    1854    4.393
    1855    4.543
    1856    5.119
    1857    5.115
    1858    4.732
    1859    4.907
    1860    4.448
    1861    5.193
    1862    3.642
    1863    4.441
    1864    4.840
    1865    4.805
    1866    4.200
    1867    4.484
    1868    4.393
    1869    4.485
    1870    4.016
    1871    4.468
    1872    4.413
    1873    3.791
    1874    4.287
    1875    3.690
    1876    4.451
    1877    4.376
    1878    4.233
    1879    4.145
    1880    4.218
    1881    4.075
    1882    4.464
    1883    3.776
    1884    3.910
    1885    4.699
    1886    5.017
    1887    5.142
    1888    4.333
    1889    4.677
    1890    4.413
    1891    4.656
    1892    3.890
    1893    4.349
    1894    4.769
    1895    4.721
    1896    4.614
    1897    4.204
    1898    4.468
    1899    4.963
    1900    4.730
    1901    4.668
    1902    4.198
    1903    4.305
    1904    4.663
    1905    4.584
    1906    3.966
    1907    4.156
    1908    4.961
    1909    4.370
    1910    4.788
    1911    5.004
    1912    3.743
    1913    4.932
    1914    5.400
    1915    4.965
    1916    4.399
    1917    4.415
    1918    4.244
    1919    4.647
    1920    4.369
    1921    4.314
    1922    4.698
    1923    4.455
    1924    4.338
    1925    4.229
    1926    4.560
    1927    4.389
    1928    4.361
    1929    4.671
    1930    4.179
    1931    4.985
    1932    5.139
    1933    4.762
    1934    4.767
    1935    4.616
    1936    4.180
    1937    4.763
    1938    4.408
    1939    4.196
    1940    4.878
    1941    5.608
    1942    4.529
    1943    4.198
    1944    4.646
    1945    4.474
    1946    4.170
    1947    4.425
    1948    4.624
    1949    4.211
    1950    4.361
    1951    5.269
    1952    5.126
    1953    5.616
    1954    5.330
    1955    5.022
    1956    5.284
    1957    4.595
    1958    4.356
    1959    4.188
    1960    5.004
    1961    4.947
    1962    4.425
    1963    4.629
    1964    4.268
    1965    4.438
    1966    4.517
    1967    4.370
    1968    4.786
    1969    4.463
    1970    4.491
    1971    4.753
    1972    5.119
    1973    4.426
    1974    4.351
    1975    4.532
    1976    4.556
    1977    4.943
    1978    5.166
    1979    4.442
    1980    4.921
    1981    5.352
    1982    5.118
    1983    4.891
    1984    4.347
    1985    4.300
    1986    4.401
    1987    4.198
    1988    4.565
    1989    4.587
    1990    4.447
    1991    4.448
    1992    4.244
    1993    4.328
    1994    4.674
    1995    4.313
    1996    4.486
    1997    4.288
    1998    4.616
    1999    4.100
    2000    4.392
    2001    4.209
    2002    4.939
    2003    4.210
    2004    4.468
    2005    4.635
    2006    4.865
    2007    3.987
    2008    4.091
    2009    4.285
    2010    4.638
    2011    4.408
    2012    4.436
    2013    4.115
    2014    4.618
    2015    4.333
    2016    4.539
    2017    4.511
    2018    4.477
    2019    4.788
    2020    4.047
    2021    4.448
    2022    5.310
    2023    5.035
    2024    4.333
    2025    4.483
    2026    4.347
    2027    4.465
    2028    5.468
    2029    4.578
    2030    6.141
    2031    4.321
    2032    4.344
    2033    4.313
    2034    4.435
    2035    4.148
    2036    4.259
    2037    4.409
    2038    4.789
    2039    4.487
    2040    4.025
    2041    4.141
    2042    4.389
    2043    4.896
    2044    4.970
    2045    4.255
    2046    4.889
    2047    4.220
    2048    4.260
    2049    4.886
    2050    4.291
    2051    4.347
    2052    4.920
    2053    4.529
    2054    4.955
    2055    4.807
    2056    5.128
    2057    4.735
    2058    4.903
    2059    4.934
    2060    4.229
    2061    4.870
    2062    4.768
    2063    5.083
    2064    4.356
    2065    4.898
    2066    4.107
    2067    4.441
    2068    4.754
    2069    4.171
    2070    4.619
    2071    4.432
    2072    4.526
    2073    3.945
    2074    3.506
    2075    3.771
    2076    5.045
    2077    4.715
    2078    3.840
    2079    4.302
    2080    3.981
    2081    4.083
    2082    4.398
    2083    3.749
    2084    3.735
    2085    4.109
    2086    3.928
    2087    3.734
    2088    3.903
    2089    3.959
    2090    3.957
    2091    3.854
    2092    4.645
    2093    4.535
    2094    3.817
    2095    4.309
    2096    4.643
    2097    4.005
    2098    3.982
    2099    4.262
    2100    4.397
    2101    4.777
    2102    3.921
    2103    3.427
    2104    4.274
    2105    4.099
    2106    4.077
    2107    4.026
    2108    4.107
    2109    3.745
    2110    4.045
    2111    4.243
    2112    3.913
    2113    4.868
    2114    5.808
    2115    4.529
    2116    4.278
    2117    3.804
    2118    4.248
    2119    5.685
    2120    4.222
    2121    4.689
    2122    4.228
    2123    4.303
    2124    4.298
    2125    4.151
    2126    4.397
    2127    4.228
    2128    4.597
    2129    4.093
    2130    3.963
    2131    4.110
    2132    3.917
    2133    4.038
    2134    4.101
    2135    4.123
    2136    3.836
    2137    4.053
    2138    4.320
    2139    4.582
    2140    3.780
    2141    3.772
    2142    4.457
    2143    4.233
    2144    4.601
    2145    4.177
    2146    4.202
    2147    4.420
    2148    4.921
    2149    4.918
    2150    3.884
    2151    5.717
    2152    5.677
    2153    5.290
    2154    4.844
    2155    4.447
    2156    4.375
    2157    4.346
    2158    4.013
    2159    4.221
    2160    4.282
    2161    4.409
    2162    4.333
    2163    4.082
    2164    3.984
    2165    4.655
    2166    4.321
    2167    5.067
    2168    4.624
    2169    4.163
    2170    4.570
    2171    4.426
    2172    4.773
    2173    4.652
    2174    4.797
    2175    4.397
    2176    4.549
    2177    4.487
    2178    4.632
    2179    4.451
    2180    4.424
    2181    4.679
    2182    4.370
    2183    4.753
    2184    4.601
    2185    4.780
    2186    4.685
    2187    4.827
    2188    5.142
    2189    4.575
    2190    5.012
    2191    3.689
    2192    3.970
    2193    3.941
    2194    4.670
    2195    3.954
    2196    4.547
    2197    3.461
    2198    4.333
    2199    4.141
    2200    3.824
    2201    4.230
    2202    3.517
    2203    4.377
    2204    3.680
    2205    4.281
    2206    4.100
    2207    4.176
    2208    4.566
    2209    4.541
    2210    4.480
    2211    4.024
    2212    4.356
    2213    4.413
    2214    4.514
    2215    4.273
    2216    4.544
    2217    4.552
    2218    4.381
    2219    4.304
    2220    4.564
    2221    4.182
    2222    4.533
    2223    4.696
    2224    4.401
    2225    4.450
    2226    4.357
    2227    4.468
    2228    4.265
    2229    4.518
    2230    4.278
    2231    4.580
    2232    4.637
    2233    4.223
    2234    4.266
    2235    4.238
    2236    4.337
    2237    4.437
    2238    4.868
    2239    4.159
    2240    4.150
    2241    4.614
    2242    3.903
    2243    4.793
    2244    5.429
    2245    4.884
    2246    5.230
    2247    4.457
    2248    4.288
    2249    4.622
    2250    4.164
    2251    4.521
    2252    4.449
    2253    4.138
    2254    4.960
    2255    4.439
    2256    4.285
    2257    4.086
    2258    4.415
    2259    4.377
    2260    3.865
    2261    4.194
    2262    4.521
    2263    4.398
    2264    4.413
    2265    4.291
    2266    4.495
    2267    4.518
    2268    4.156
    2269    4.058
    2270    4.540
    2271    4.411
    2272    4.263
    2273    5.024
    2274    4.522
    2275    4.622
    2276    4.658
    2277    4.605
    2278    4.549
    2279    4.438
    2280    4.658
    2281    4.357
    2282    4.913
    2283    4.723
    2284    4.428
    2285    3.854
    2286    4.433
    2287    4.488
    2288    4.589
    2289    4.292
    2290    4.247
    2291    4.717
    2292    4.668
    2293    4.448
    2294    4.493
    2295    4.555
    2296    4.609
    2297    4.489
    2298    4.676
    2299    4.651
    2300    4.491
    2301    4.461
    2302    5.194
    2303    5.231
    2304    4.760
    2305    4.694
    2306    4.404
    2307    4.665
    2308    4.616
    2309    4.778
    2310    4.628
    2311    4.872
    2312    4.412
    2313    4.458
    2314    4.463
    2315    5.016
    2316    4.065
    2317    4.085
    2318    4.492
    2319    4.310
    2320    4.793
    2321    5.141
    2322    5.050
    2323    4.783
    2324    4.364
    2325    4.472
    2326    4.258
    2327    4.395
    2328    4.518
    2329    4.261
    2330    4.133
    2331    4.400
    2332    4.152
    2333    4.245
    2334    4.332
    2335    4.202
    2336    4.035
    2337    4.236
    2338    4.077
    2339    4.337
    2340    4.639
    2341    4.354
    2342    4.650
    2343    4.309
    2344    4.229
    2345    4.607
    2346    4.242
    2347    4.938
    2348    4.225
    2349    4.679
    2350    4.011
    2351    4.629
    2352    3.953
    2353    4.121
    2354    5.069
    2355    3.902
    2356    4.568
    2357    4.149
    2358    3.727
    2359    3.802
    2360    4.158
    2361    3.673
    2362    3.663
    2363    3.777
    2364    3.475
    2365    3.774
    2366    4.524
    2367    4.276
    2368    4.490
    2369    4.570
    2370    3.919
    2371    4.224
    2372    4.222
    2373    4.662
    2374    4.248
    2375    4.397
    2376    4.105
    2377    4.618
    2378    4.541
    2379    4.806
    2380    4.549
    2381    4.826
    2382    4.561
    2383    5.391
    2384    5.230
    2385    4.452
    2386    4.913
    2387    4.511
    2388    4.717
    2389    3.719
    2390    6.265
    2391    6.098
    2392    6.679
    2393    4.903
    2394    4.609
    2395    4.551
    2396    6.348
    2397    7.143
    2398    5.485
    2399    6.131
    2400    7.042
    2401    6.336
    2402    6.371
    2403    5.669
    2404    6.222
    2405    4.856
    2406    4.373
    2407    6.400
    2408    6.955
    2409    6.868
    2410    6.884
    2411    6.755
    2412    6.278
    2413    6.421
    2414    6.208
    2415    6.249
    2416    6.336
    2417    5.842
    2418    6.989
    2419    6.174
    2420    5.483
    2421    6.369
    2422    5.831
    2423    5.426
    2424    5.418
    2425    4.383
    2426    4.452
    2427    4.429
    2428    4.401
    2429    5.332
    2430    5.133
    2431    5.783
    2432    6.023
    2433    5.953
    2434    4.498
    2435    4.903
    2436    5.967
    2437    6.564
    2438    6.430
    2439    6.361
    2440    6.317
    2441    5.495
    2442    6.102
    2443    5.874
    2444    5.917
    2445    5.897
    2446    5.761
    2447    6.307
    2448    7.129
    2449    6.640
    2450    6.963
    2451    6.059
    2452    5.732
    2453    6.060
    2454    6.028
    2455    6.252
    2456    5.149
    2457    5.168
    2458    4.512
    2459    5.435
    2460    4.784
    2461    5.356
    2462    5.625
    2463    6.869
    2464    5.572
    2465    4.799
    2466    4.425
    2467    4.774
    2468    5.122
    2469    6.317
    2470    5.202
    2471    4.866
    2472    6.156
    2473    5.736
    2474    4.998
    2475    5.491
    2476    5.955
    2477    6.835
    2478    5.842
    2479    5.713
    2480    4.537
    2481    4.832
    2482    4.784
    2483    4.880
    2484    4.702
    2485    4.426
    2486    4.571
    2487    4.997
    2488    5.761
    2489    5.188
    2490    6.075
    2491    6.403
    2492    5.714
    2493    6.169
    2494    5.839
    2495    5.676
    2496    5.557
    2497    6.458
    2498    6.468
    2499    5.817
    2500    6.446
    2501    5.235
    2502    4.295
    2503    5.279
    2504    6.891
    2505    5.064
    2506    4.686
    2507    5.609
    2508    5.671
    2509    5.941
    2510    4.953
    2511    6.145
    2512    4.889
    2513    5.801
    2514    4.779
    2515    5.644
    2516    6.020
    2517    5.594
    2518    4.509
    2519    5.744
    2520    5.612
    2521    4.612
    2522    4.641
    2523    4.587
    2524    4.785
    2525    4.521
    2526    5.750
    2527    4.527
    2528    6.189
    2529    6.042
    2530    6.326
    2531    6.320
    2532    5.707
    2533    5.087
    2534    6.107
    2535    6.510
    2536    6.497
    2537    6.530
    2538    6.288
    2539    6.668
    2540    6.834
    2541    6.330
    2542    6.777
    2543    6.950
    2544    6.363
    2545    5.452
    2546    5.078
    2547    5.771
    2548    6.230
    2549    6.847
    2550    6.245
    2551    6.032
    2552    5.722
    2553    5.169
    2554    6.044
    2555    6.708
    2556    6.997
    2557    6.629
    2558    6.163
    2559    5.498
    2560    6.024
    2561    6.161
    2562    5.971
    2563    6.520
    2564    5.196
    2565    5.758
    2566    5.606
    2567    4.845
    2568    5.101
    2569    5.938
    2570    6.124
    2571    6.431
    2572    5.962
    2573    5.796
    2574    6.255
    2575    6.557
    2576    6.801
    2577    6.610
    2578    5.395
    2579    5.330
    2580    4.570
    2581    6.433
    2582    6.960
    2583    5.997
    2584    5.008
    2585    5.084
    2586    4.612
    2587    4.398
    2588    4.158
    2589    4.728
    2590    4.337
    2591    4.416
    2592    4.444
    2593    4.660
    2594    4.120
    2595    4.886
    2596    4.588
    2597    5.678
    2598    4.516
    2599    5.767
    2600    5.544
    2601    5.961
    2602    6.038
    2603    6.734
    2604    6.448
    2605    5.880
    2606    4.835
    2607    5.301
    2608    5.620
    2609    5.144
    2610    5.331
    2611    4.862
    2612    5.056
    2613    5.333
    2614    5.556
    2615    4.903
    2616    4.388
    2617    5.108
    2618    4.936
    2619    5.824
    2620    5.135
    2621    4.226
    2622    3.675
    2623    4.241
    2624    4.485
    2625    4.525
    2626    4.263
    2627    4.291
    2628    4.454
    2629    5.320
    2630    4.194
    2631    4.496
    2632    4.485
    2633    6.047
    2634    5.220
    2635    5.642
    2636    6.176
    2637    4.955
    2638    4.079
    2639    3.541
    2640    5.421
    2641    4.367
    2642    4.056
    2643    4.590
    2644    5.615
    2645    6.497
    2646    5.648
    2647    5.229
    2648    5.462
    2649    5.945
    2650    5.940
    2651    6.335
    2652    5.737
    2653    4.862
    2654    5.472
    2655    4.483
    2656    4.005
    2657    3.820
    2658    4.991
    2659    6.145
    2660    6.168
    2661    6.239
    2662    5.432
    2663    4.907
    2664    5.795
    2665    5.879
    2666    4.584
    2667    6.183
    2668    4.721
    2669    4.787
    2670    5.165
    2671    5.907
    2672    5.454
    2673    4.352
    2674    4.492
    2675    4.353
    2676    5.416
    2677    5.810
    2678    6.661
    2679    5.518
    2680    5.980
    2681    6.016
    2682    5.294
    2683    5.885
    2684    4.837
    2685    4.890
    2686    5.494
    2687    6.330
    2688    6.353
    2689    5.708
    2690    5.431
    2691    5.038
    2692    3.784
    2693    4.967
    2694    6.211
    2695    6.371
    2696    6.043
    2697    5.778
    2698    5.373
    2699    5.818
    2700    5.926
    2701    6.099
    2702    5.566
    2703    5.150
    2704    5.164
    2705    5.230
    2706    4.821
    2707    4.118
    2708    4.463
    2709    4.860
    2710    6.015
    2711    6.507
    2712    6.303
    2713    6.254
    2714    6.404
    2715    5.566
    2716    6.114
    2717    5.051
    2718    6.061
    2719    5.117
    2720    4.518
    2721    4.619
    2722    4.095
    2723    4.207
    2724    4.323
    2725    4.807
    2726    4.940
    2727    6.087
    2728    5.918
    2729    6.425
    2730    5.583
    2731    4.614
    2732    6.386
    2733    6.263
    2734    6.758
    2735    4.654
    2736    4.759
    2737    4.480
    2738    4.611
    2739    5.728
    2740    4.407
    2741    5.296
    2742    5.007
    2743    4.230
    2744    4.210
    2745    4.253
    2746    5.991
    2747    5.350
    2748    5.787
    2749    6.054
    2750    6.281
    2751    7.046
    2752    5.785
    2753    5.176
    2754    6.225
    2755    7.194
    2756    5.365
    2757    6.263
    2758    5.886
    2759    5.227
    2760    5.869
    2761    6.666
    2762    6.673
    2763    6.442
    2764    5.954
    2765    5.129
    2766    5.517
    2767    5.147
    2768    5.733
    2769    5.050
    2770    7.262
    2771    6.795
    2772    6.903
    2773    6.692
    2774    7.461
    2775    6.159
    2776    5.835
    2777    5.750
    2778    4.475
    2779    4.322
    2780    3.508
    2781    3.773
    2782    3.516
    2783    3.477
    2784    5.110
    2785    4.516
    2786    3.998
    2787    4.599
    2788    4.663
    2789    4.257
    2790    4.131
    2791    3.652
    2792    4.557
    2793    4.437
    2794    5.142
    2795    4.292
    2796    4.947
    2797    4.578
    2798    4.830
    2799    6.010
    2800    4.664
    2801    4.377
    2802    3.730
    2803    3.693
    2804    3.558
    2805    3.795
    2806    4.356
    2807    3.629
    2808    3.976
    2809    3.889
    2810    3.870
    2811    3.427
    2812    3.444
    2813    4.341
    2814    3.908
    2815    4.043
    2816    3.870
    2817    5.251
    2818    3.809
    2819    4.440
    2820    3.679
    2821    3.551
    2822    3.395
    2823    3.896
    2824    4.394
    2825    5.664
    2826    4.091
    2827    4.994
    2828    4.405
    2829    5.229
    2830    4.879
    2831    5.218
    2832    5.644
    2833    5.045
    2834    4.674
    2835    4.458
    2836    4.031
    2837    4.991
    2838    4.199
    2839    4.433
    2840    3.615
    2841    3.846
    2842    4.237
    2843    4.189
    2844    4.628
    2845    5.081
    2846    3.852
    2847    5.286
    2848    5.256
    2849    4.486
    2850    3.646
    2851    4.944
    2852    4.269
    2853    4.581
    2854    4.926
    2855    4.195
    2856    5.879
    2857    5.654
    2858    6.530
    2859    6.762
    2860    5.700
    2861    6.204
    2862    5.644
    2863    6.198
    2864    4.763
    2865    4.490
    2866    4.513
    2867    3.912
    2868    4.502
    2869    3.994
    2870    4.324
    2871    5.011
    2872    3.733
    2873    4.177
    2874    4.184
    2875    5.119
    2876    5.604
    2877    5.101
    2878    4.736
    2879    5.529
    2880    6.003
    2881    5.969
    2882    5.763
    2883    4.340
    2884    4.640
    2885    5.771
    2886    5.507
    2887    5.018
    2888    5.103
    2889    4.802
    2890    5.134
    2891    3.784
    2892    4.765
    2893    4.514
    2894    4.271
    2895    4.051
    2896    4.776
    2897    4.404
    2898    4.421
    2899    6.064
    2900    6.429
    2901    5.732
    2902    6.174
    2903    5.113
    2904    6.265
    2905    5.389
    2906    6.233
    2907    5.081
    2908    6.417
    2909    6.442
    2910    6.686
    2911    5.800
    2912    4.998
    2913    5.150
    2914    5.913
    2915    6.048
    2916    5.433
    2917    4.994
    2918    5.473
    2919    5.688
    2920    4.358
    2921    5.135
    2922    5.249
    2923    5.184
    2924    5.868
    2925    5.421
    2926    6.092
    2927    5.960
    2928    4.633
    2929    6.217
    2930    5.892
    2931    6.974
    2932    6.461
    2933    5.718
    2934    5.644
    2935    5.514
    2936    5.258
    2937    5.790
    2938    6.297
    2939    6.835
    2940    6.665
    2941    5.783
    2942    5.913
    2943    5.053
    2944    4.745
    2945    4.953
    2946    5.209
    2947    5.923
    2948    4.536
    2949    4.467
    2950    5.751
    2951    4.320
    2952    5.345
    2953    5.285
    2954    4.505
    2955    4.569
    2956    5.005
    2957    4.728
    2958    3.847
    2959    4.257
    2960    3.664
    2961    4.840
    2962    5.997
    2963    6.255
    2964    6.429
    2965    4.858
    2966    4.432
    2967    6.693
    2968    6.459
    2969    6.340
    2970    5.290
    2971    4.718
    2972    4.997
    2973    4.189
    2974    4.305
    2975    4.069
    2976    4.581
    2977    4.306
    2978    4.476
    2979    4.664
    2980    3.978
    2981    4.288
    2982    4.574
    2983    4.602
    2984    4.091
    2985    4.028
    2986    5.219
    2987    4.518
    2988    4.129
    2989    4.319
    2990    4.890
    2991    6.158
    2992    6.032
    2993    5.195
    2994    6.804
    2995    6.598
    2996    6.115
    2997    6.047
    2998    5.456
    2999    6.308
    3000    5.517
    3001    5.990
    3002    6.199
    3003    6.356
    3004    5.526
    3005    5.874
    3006    5.373
    3007    5.880
    3008    5.670
    3009    4.816
    3010    5.012
    3011    5.448
    3012    4.392
    3013    4.419
    3014    4.092
    3015    5.544
    3016    5.331
    3017    5.514
    3018    5.427
    3019    5.665
    3020    4.924
    3021    4.326
    3022    4.196
    3023    5.155
    3024    4.112
    3025    4.424
    3026    4.407
    3027    3.893
    3028    4.834
    3029    4.255
    3030    3.678
    3031    4.310
    3032    4.751
    3033    4.300
    3034    4.522
    3035    3.914
    3036    4.300
    3037    4.468
    3038    5.680
    3039    4.977
    3040    3.552
    3041    4.519
    3042    4.493
    3043    4.309
    3044    5.034
    3045    3.762
    3046    4.252
    3047    4.263
    3048    3.725
    3049    4.102
    3050    3.964
    3051    4.260
    3052    4.269
    3053    4.369
    3054    4.398
    3055    3.911
    3056    4.293
    3057    5.169
    3058    4.401
    3059    3.853
    3060    3.816
    3061    3.841
    3062    4.867
    3063    3.594
    3064    3.723
    3065    3.621
    3066    4.510
    3067    4.351
    3068    4.399
    3069    4.412
    3070    4.948
    3071    4.417
    3072    4.486
    3073    3.716
    3074    4.323
    3075    4.301
    3076    4.830
    3077    6.011
    3078    4.250
    3079    4.427
    3080    4.323
    3081    4.740
    3082    4.308
    3083    5.178
    3084    4.709
    3085    4.334
    3086    4.581
    3087    4.763
    3088    5.626
    3089    4.800
    3090    4.576
    3091    4.111
    3092    4.838
    3093    4.777
    3094    3.824
    3095    4.491
    3096    5.483
    3097    5.929
    3098    5.159
    3099    5.410
    3100    4.450
    3101    4.375
    3102    5.613
    3103    4.562
    3104    5.148
    3105    4.619
    3106    4.435
    3107    5.298
    3108    4.891
    3109    4.386
    3110    4.859
    3111    3.947
    3112    4.382
    3113    3.878
    3114    3.516
    3115    3.935
    3116    4.302
    3117    5.214
    3118    4.535
    3119    4.146
    3120    4.217
    3121    3.610
    3122    4.351
    3123    6.125
    3124    5.526
    3125    5.167
    3126    5.412
    3127    5.927
    3128    6.045
    3129    5.602
    3130    4.208
    3131    4.459
    3132    4.217
    3133    3.701
    3134    3.816
    3135    4.061
    3136    3.967
    3137    3.754
    3138    4.735
    3139    3.626
    3140    3.760
    3141    3.998
    3142    4.094
    3143    3.693
    3144    4.011
    3145    4.363
    3146    3.327
    3147    4.949
    3148    6.735
    3149    5.745
    3150    4.493
    3151    4.469
    3152    4.305
    3153    4.950
    3154    4.499
    3155    4.466
    3156    4.501
    3157    4.738
    3158    4.597
    3159    4.693
    3160    4.349
    3161    4.357
    3162    4.472
    3163    5.885
    3164    4.493
    3165    5.194
    3166    4.802
    3167    4.623
    3168    4.304
    3169    5.179
    3170    5.340
    3171    4.857
    3172    4.504
    3173    4.692
    3174    4.445
    3175    4.528
    3176    4.461
    3177    4.568
    3178    5.368
    3179    4.287
    3180    4.600
    3181    5.176
    3182    5.101
    3183    4.248
    3184    4.488
    3185    4.856
    3186    4.743
    3187    4.548
    3188    4.192
    3189    5.181
    3190    6.067
    3191    5.443
    3192    4.472
    3193    4.567
    3194    4.415
    3195    4.167
    3196    5.524
    3197    4.851
    3198    4.663
    3199    5.309
    3200    5.030
    3201    4.370
    3202    4.689
    3203    4.328
    3204    4.372
    3205    3.935
    3206    4.722
    3207    5.197
    3208    4.871
    3209    4.208
    3210    5.347
    3211    4.841
    3212    4.756
    3213    4.334
    3214    6.065
    3215    4.730
    3216    4.772
    3217    4.714
    3218    4.394
    3219    4.669
    3220    4.398
    3221    4.493
    3222    4.708
    3223    4.754
    3224    4.387
    3225    4.987
    3226    4.529
    3227    4.147
    3228    4.825
    3229    5.125
    3230    4.453
    3231    4.336
    3232    4.427
    3233    4.365
    3234    4.716
    3235    4.262
    3236    4.191
    3237    3.745
    3238    4.423
    3239    4.924
    3240    4.677
    3241    5.062
    3242    5.151
    3243    5.502
    3244    4.588
    3245    5.844
    3246    5.050
    3247    5.198
    3248    5.009
    3249    5.320
    3250    3.628
    3251    6.058
    3252    5.817
    3253    4.307
    3254    4.452
    3255    4.475
    3256    3.741
    3257    3.945
    3258    3.655
    3259    4.037
    3260    5.079
    3261    5.272
    3262    4.437
    3263    3.650
    3264    3.706
    3265    4.420
    3266    4.249
    3267    4.006
    3268    4.541
    3269    4.578
    3270    4.500
    3271    4.225
    3272    3.594
    3273    4.879
    3274    3.804
    3275    4.802
    3276    4.551
    3277    4.055
    3278    3.851
    3279    4.436
    3280    4.178
    3281    4.247
    3282    4.229
    3283    4.379
    3284    5.254
    3285    4.811
    3286    4.305
    3287    4.749
    3288    4.163
    3289    4.820
    3290    4.652
    3291    4.745
    3292    4.719
    3293    5.020
    3294    4.674
    3295    4.690
    3296    5.381
    3297    4.762
    3298    4.832
    3299    4.626
    3300    4.345
    3301    4.057
    3302    4.596
    3303    4.213
    3304    3.961
    3305    4.715
    3306    5.699
    3307    4.862
    3308    5.502
    3309    5.067
    3310    4.012
    3311    4.542
    3312    4.129
    3313    4.510
    3314    4.664
    3315    3.903
    3316    4.138
    3317    4.397
    3318    4.764
    3319    4.719
    3320    4.592
    3321    4.156
    3322    4.262
    3323    4.767
    3324    3.472
    3325    3.905
    3326    4.086
    3327    4.261
    3328    4.371
    3329    3.903
    3330    3.930
    3331    4.251
    3332    4.782
    3333    3.715
    3334    4.575
    3335    4.465
    3336    4.291
    3337    4.393
    3338    4.684
    3339    4.550
    3340    5.009
    3341    4.727
    3342    4.610
    3343    4.228
    3344    4.951
    3345    4.820
    3346    4.785
    3347    5.406
    3348    4.612
    3349    5.325
    3350    5.589
    3351    4.518
    3352    5.323
    3353    4.323
    3354    5.301
    3355    4.633
    3356    4.851
    3357    4.487
    3358    5.592
    3359    5.232
    3360    4.351
    3361    4.664
    3362    4.502
    3363    4.174
    3364    5.873
    3365    4.662
    3366    5.835
    3367    4.155
    3368    4.854
    3369    4.409
    3370    4.492
    3371    4.870
    3372    5.787
    3373    4.885
    3374    4.508
    3375    4.907
    3376    3.671
    3377    3.993
    3378    4.803
    3379    4.088
    3380    4.696
    3381    3.884
    3382    3.968
    3383    4.725
    3384    3.730
    3385    4.592
    3386    5.071
    3387    3.586
    3388    4.620
    3389    4.634
    3390    4.273
    3391    4.966
    3392    4.992
    3393    4.801
    3394    4.361
    3395    4.742
    3396    5.160
    3397    5.627
    3398    4.466
    3399    4.254
    3400    4.108
    3401    3.963
    3402    4.076
    3403    4.856
    3404    4.624
    3405    4.338
    3406    4.378
    3407    4.610
    3408    4.366
    3409    4.212
    3410    4.494
    3411    4.569
    3412    4.743
    3413    4.358
    3414    4.454
    3415    4.448
    3416    5.613
    3417    6.014
    3418    5.846
    3419    6.238
    3420    5.182
    3421    5.010
    3422    5.389
    3423    4.814
    3424    5.359
    3425    6.521
    3426    5.845
    3427    4.980
    3428    5.091
    3429    4.572
    3430    4.310
    3431    4.491
    3432    4.597
    3433    5.508
    3434    5.051
    3435    4.924
    3436    4.553
    3437    5.221
    3438    5.443
    3439    4.414
    3440    5.312
    3441    4.505
    3442    4.771
    3443    4.341
    3444    4.050
    3445    4.710
    3446    4.778
    3447    5.056
    3448    4.545
    3449    4.449
    3450    4.557
    3451    4.446
    3452    5.348
    3453    6.041
    3454    5.742
    3455    5.685
    3456    4.719
    3457    4.617
    3458    4.390
    3459    4.960
    3460    4.756
    3461    4.792
    3462    4.732
    3463    5.170
    3464    5.291
    3465    4.961
    3466    4.587
    3467    5.093
    3468    5.100
    3469    4.568
    3470    4.627
    3471    5.359
    3472    4.896
    3473    5.750
    3474    4.480
    3475    4.045
    3476    4.175
    3477    5.198
    3478    4.175
    3479    4.541
    3480    4.537
    3481    4.798
    3482    4.558
    3483    3.750
    3484    3.801
    3485    3.882
    3486    4.446
    3487    4.387
    3488    5.091
    3489    4.228
    3490    4.722
    3491    4.639
    3492    4.264
    3493    4.803
    3494    4.366
    3495    4.948
    3496    4.737
    3497    4.814
    3498    4.920
    3499    4.767
    3500    4.299
    3501    4.555
    3502    4.691
    3503    4.435
    3504    4.434
    3505    3.956
    3506    5.006
    3507    4.895
    3508    5.012
    3509    4.445
    3510    4.528
    3511    4.684
    3512    4.405
    3513    4.252
    3514    4.375
    3515    4.269
    3516    4.410
    3517    4.337
    3518    4.436
    3519    5.055
    3520    4.449
    3521    4.629
    3522    5.177
    3523    4.686
    3524    4.353
    3525    4.525
    3526    4.381
    3527    4.214
    3528    4.606
    3529    5.129
    3530    4.341
    3531    4.403
    3532    4.292
    3533    4.740
    3534    4.195
    3535    4.761
    3536    4.443
    3537    4.450
    3538    4.710
    3539    5.290
    3540    4.935
    3541    4.487
    3542    4.661
    3543    4.923
    3544    4.765
    3545    4.294
    3546    4.743
    3547    4.345
    3548    5.503
    3549    4.762
    3550    6.462
    3551    6.152
    3552    6.629
    3553    6.480
    3554    5.712
    3555    5.695
    3556    5.197
    3557    6.792
    3558    6.695
    3559    6.490
    3560    5.308
    3561    6.056
    3562    4.904
    3563    6.609
    3564    6.672
    3565    5.763
    3566    6.209
    3567    5.554
    3568    6.128
    3569    6.010
    3570    6.281
    3571    4.535
    3572    4.586
    3573    4.667
    3574    4.733
    3575    5.038
    3576    4.403
    3577    4.621
    3578    4.264
    3579    4.627
    3580    5.927
    3581    6.429
    3582    6.126
    3583    5.907
    3584    6.138
    3585    6.294
    3586    6.002
    3587    4.501
    3588    4.566
    3589    5.523
    3590    5.213
    3591    5.675
    3592    6.508
    3593    5.754
    3594    4.397
    3595    5.391
    3596    4.643
    3597    4.911
    3598    4.992
    3599    5.091
    3600    4.786
    3601    4.457
    3602    4.758
    3603    4.504
    3604    5.274
    3605    5.689
    3606    5.377
    3607    4.994
    3608    5.360
    3609    5.064
    3610    4.527
    3611    4.867
    3612    4.545
    3613    4.462
    3614    4.356
    3615    5.250
    3616    4.540
    3617    5.219
    3618    4.614
    3619    3.975
    3620    4.447
    3621    4.714
    3622    4.020
    3623    5.079
    3624    4.621
    3625    5.745
    3626    4.480
    3627    4.871
    3628    5.198
    3629    6.144
    3630    6.046
    3631    7.005
    3632    6.600
    3633    7.036
    3634    7.383
    3635    6.751
    3636    6.667
    3637    7.735
    3638    6.438
    3639    7.044
    3640    6.412
    3641    6.360
    3642    6.439
    3643    6.649
    3644    6.404
    3645    5.943
    3646    5.823
    3647    4.650
    3648    5.044
    3649    5.301
    3650    5.254
    3651    6.331
    3652    4.832
    3653    5.267
    3654    4.044
    3655    5.060
    3656    4.191
    3657    4.479
    3658    4.779
    3659    4.309
    3660    4.450
    3661    5.525
    3662    4.620
    3663    4.409
    3664    4.877
    3665    4.216
    3666    4.740
    3667    4.731
    3668    4.292
    3669    4.426
    3670    4.873
    3671    5.502
    3672    4.618
    3673    5.852
    3674    5.879
    3675    4.294
    3676    4.392
    3677    4.839
    3678    4.620
    3679    5.088
    3680    4.576
    3681    4.943
    3682    5.207
    3683    4.416
    3684    5.997
    3685    5.313
    3686    5.600
    3687    4.581
    3688    6.153
    3689    6.084
    3690    5.366
    3691    5.546
    3692    5.829
    3693    5.729
    3694    7.018
    3695    5.144
    3696    6.954
    3697    5.990
    3698    4.918
    3699    4.435
    3700    6.109
    3701    6.166
    3702    5.208
    3703    5.985
    3704    4.287
    3705    5.496
    3706    4.792
    3707    4.533
    3708    4.921
    3709    5.119
    3710    4.558
    3711    4.497
    3712    5.941
    3713    5.666
    3714    5.160
    3715    4.319
    3716    5.324
    3717    4.332
    3718    4.461
    3719    4.572
    3720    4.428
    3721    4.527
    3722    4.495
    3723    4.524
    3724    4.711
    3725    4.561
    3726    4.782
    3727    4.524
    3728    4.566
    3729    4.467
    3730    4.471
    3731    4.533
    3732    4.549
    3733    4.703
    3734    4.158
    3735    4.303
    3736    4.798
    3737    4.301
    3738    3.971
    3739    4.260
    3740    4.698
    3741    4.604
    3742    4.715
    3743    4.825
    3744    4.552
    3745    4.475
    3746    3.792
    3747    4.653
    3748    4.930
    3749    5.320
    3750    4.471
    3751    4.268
    3752    4.779
    3753    4.589
    3754    4.783
    3755    5.015
    3756    4.710
    3757    5.845
    3758    4.419
    3759    4.521
    3760    4.168
    3761    4.696
    3762    4.249
    3763    3.885
    3764    4.570
    3765    4.697
    3766    5.296
    3767    4.170
    3768    4.565
    3769    4.845
    3770    4.532
    3771    4.520
    3772    4.604
    3773    4.701
    3774    4.795
    3775    4.054
    3776    4.006
    3777    4.645
    3778    4.848
    3779    4.252
    3780    4.792
    3781    4.865
    3782    4.584
    3783    4.665
    3784    4.545
    3785    4.379
    3786    4.493
    3787    4.351
    3788    4.365
    3789    4.497
    3790    5.216
    3791    4.224
    3792    4.005
    3793    5.382
    3794    5.040
    3795    4.906
    3796    4.502
    3797    4.942
    3798    5.290
    3799    5.255
    3800    5.603
    3801    5.811
    3802    5.348
    3803    5.301
    3804    5.334
    3805    5.321
    3806    5.181
    3807    6.396
    3808    5.931
    3809    5.724
    3810    5.885
    3811    5.195
    3812    4.964
    3813    4.360
    3814    4.464
    3815    4.633
    3816    4.471
    3817    4.394
    3818    4.594
    3819    4.255
    3820    4.060
    3821    4.965
    3822    4.081
    3823    4.257
    3824    4.192
    3825    4.382
    3826    4.389
    3827    4.293
    3828    4.110
    3829    4.724
    3830    4.631
    3831    4.498
    3832    4.496
    3833    4.500
    3834    4.883
    3835    5.865
    3836    5.279
    3837    4.761
    3838    4.818
    3839    4.468
    3840    4.820
    3841    4.246
    3842    3.750
    3843    3.950
    3844    3.842
    3845    4.282
    3846    4.364
    3847    5.315
    3848    4.874
    3849    4.469
    3850    5.097
    3851    4.692
    3852    4.476
    3853    5.335
    3854    5.841
    3855    5.854
    3856    5.467
    3857    5.742
    3858    5.599
    3859    5.868
    3860    4.936
    3861    4.654
    3862    4.682
    3863    5.500
    3864    4.199
    3865    5.397
    3866    5.244
    3867    6.014
    3868    5.715
    3869    5.169
    3870    4.424
    3871    4.753
    3872    5.161
    3873    5.942
    3874    4.171
    3875    4.874
    3876    4.434
    3877    4.223
    3878    4.498
    3879    4.235
    3880    4.420
    3881    4.903
    3882    4.353
    3883    4.426
    3884    4.234
    3885    4.488
    3886    4.486
    3887    4.765
    3888    5.151
    3889    4.611
    3890    4.414
    3891    4.246
    3892    3.781
    3893    3.716
    3894    4.532
    3895    5.390
    3896    5.253
    3897    4.594
    3898    4.027
    3899    5.102
    3900    4.466
    3901    4.700
    3902    3.931
    3903    4.436
    3904    4.464
    3905    4.361
    3906    5.603
    3907    4.575
    3908    4.789
    3909    4.342
    3910    4.032
    3911    4.496
    3912    4.992
    3913    4.480
    3914    4.411
    3915    5.376
    3916    4.423
    3917    4.332
    3918    4.683
    3919    4.548
    3920    5.817
    3921    4.703
    3922    4.435
    3923    4.349
    3924    4.823
    3925    4.409
    3926    5.202
    3927    4.731
    3928    4.353
    3929    4.083
    3930    4.199
    3931    4.411
    3932    4.606
    3933    4.662
    3934    4.458
    3935    4.560
    3936    4.661
    3937    4.622
    3938    4.244
    3939    4.289
    3940    4.472
    3941    4.465
    3942    4.386
    3943    4.176
    3944    4.345
    3945    4.375
    3946    4.525
    3947    4.460
    3948    4.575
    3949    4.482
    3950    3.858
    3951    4.002
    3952    5.364
    3953    5.148
    3954    4.574
    3955    4.368
    3956    4.361
    3957    4.495
    3958    4.464
    3959    4.690
    3960    4.264
    3961    4.426
    3962    4.310
    3963    4.507
    3964    4.687
    3965    4.350
    3966    3.695
    3967    4.705
    3968    4.239
    3969    3.687
    3970    4.309
    3971    4.720
    3972    4.572
    3973    4.207
    3974    4.621
    3975    4.653
    3976    4.221
    3977    4.653
    3978    4.540
    3979    4.435
    3980    4.475
    3981    4.587
    3982    4.809
    3983    4.285
    3984    5.058
    3985    4.349
    3986    4.587
    3987    4.395
    3988    4.627
    3989    4.345
    3990    4.753
    3991    4.233
    3992    3.926
    3993    4.119
    3994    5.145
    3995    4.808
    3996    4.740
    3997    4.329
    3998    4.578
    3999    4.731
    4000    5.259
    4001    4.529
    4002    4.176
    4003    4.436
    4004    4.778
    4005    4.282
    4006    4.286
    4007    4.302
    4008    4.809
    4009    4.313
    4010    4.727
    4011    4.354
    4012    4.362
    4013    4.268
    4014    4.669
    4015    5.053
    4016    4.306
    4017    4.561
    4018    4.389
    4019    4.634
    4020    4.622
    4021    4.477
    4022    4.991
    4023    5.450
    4024    4.218
    4025    4.363
    4026    5.768
    4027    5.788
    4028    5.641
    4029    7.117
    4030    6.229
    4031    6.892
    4032    6.882
    4033    6.634
    4034    6.722
    4035    6.021
    4036    5.814
    4037    6.897
    4038    7.139
    4039    6.378
    4040    6.467
    4041    6.660
    4042    6.704
    4043    6.604
    4044    5.950
    4045    6.951
    4046    5.814
    4047    5.732
    4048    5.970
    4049    5.883
    4050    6.352
    4051    5.390
    4052    4.594
    4053    6.272
    4054    6.162
    4055    5.924
    4056    5.419
    4057    5.929
    4058    6.190
    4059    6.386
    4060    6.136
    4061    6.000
    4062    6.057
    4063    6.675
    4064    5.816
    4065    6.360
    4066    6.464
    4067    5.949
    4068    5.170
    4069    5.021
    4070    5.256
    4071    6.225
    4072    6.152
    4073    6.219
    4074    5.231
    4075    6.453
    4076    5.291
    4077    5.205
    4078    5.624
    4079    5.817
    4080    6.140
    4081    5.805
    4082    6.491
    4083    6.173
    4084    4.772
    4085    6.090
    4086    5.100
    4087    4.339
    4088    4.385
    4089    4.430
    4090    4.517
    4091    3.678
    4092    3.625
    4093    4.322
    4094    3.483
    4095    3.746
    4096    5.985
    4097    5.143
    4098    4.522
    4099    6.153
    4100    6.776
    4101    6.481
    4102    6.989
    4103    6.820
    4104    6.789
    4105    6.752
    4106    7.658
    4107    6.677
    4108    6.133
    4109    5.411
    4110    6.341
    4111    5.953
    4112    5.857
    4113    6.216
    4114    6.039
    4115    6.318
    4116    6.517
    4117    6.268
    4118    4.173
    4119    4.207
    4120    3.643
    4121    4.514
    4122    5.046
    4123    5.090
    4124    4.258
    4125    3.639
    4126    4.027
    4127    4.662
    4128    4.381
    4129    4.028
    4130    3.739
    4131    3.826
    4132    3.909
    4133    3.464
    4134    3.528
    4135    3.640
    4136    4.059
    4137    3.498
    4138    3.630
    4139    3.718
    4140    3.820
    4141    3.580
    4142    3.743
    4143    3.640
    4144    4.519
    4145    4.095
    4146    3.802
    4147    4.179
    4148    4.390
    4149    5.532
    4150    4.306
    4151    3.888
    4152    4.007
    4153    3.674
    4154    3.386
    4155    4.095
    4156    3.719
    4157    3.573
    4158    3.669
    4159    4.814
    4160    5.455
    4161    4.739
    4162    3.859
    4163    4.248
    4164    3.645
    4165    3.433
    4166    3.670
    4167    4.244
    4168    3.577
    4169    3.454
    4170    3.662
    4171    3.757
    4172    3.592
    4173    3.317
    4174    4.793
    4175    4.229
    4176    5.122
    4177    5.630
    4178    5.171
    4179    6.098
    4180    6.583
    4181    6.748
    4182    6.506
    4183    6.632
    4184    7.211
    4185    6.703
    4186    4.276
    4187    6.242
    4188    5.977
    4189    6.332
    4190    6.465
    4191    6.903
    4192    5.412
    4193    5.778
    4194    6.574
    4195    6.804
    4196    5.700
    4197    5.464
    4198    4.991
    4199    5.804
    4200    5.926
    4201    6.021
    4202    5.954
    4203    6.007
    4204    5.789
    4205    6.475
    4206    7.039
    4207    6.851
    4208    6.873
    4209    6.635
    4210    6.873
    4211    5.509
    4212    4.863
    4213    5.545
    4214    6.180
    4215    5.589
    4216    6.376
    4217    5.684
    4218    4.427
    4219    4.787
    4220    4.478
    4221    4.003
    4222    4.290
    4223    4.896
    4224    6.372
    4225    4.289
    4226    4.556
    4227    4.176
    4228    5.232
    4229    3.636
    4230    4.269
    4231    4.465
    4232    5.834
    4233    4.122
    4234    5.051
    4235    4.847
    4236    5.033
    4237    5.406
    4238    4.495
    4239    4.345
    4240    5.612
    4241    4.331
    4242    4.071
    4243    4.149
    4244    4.552
    4245    4.898
    4246    4.937
    4247    4.740
    4248    4.091
    4249    4.313
    4250    4.754
    4251    4.792
    4252    3.977
    4253    3.719
    4254    4.104
    4255    4.396
    4256    4.573
    4257    4.267
    4258    4.233
    4259    3.911
    4260    4.574
    4261    4.269
    4262    4.370
    4263    4.589
    4264    5.189
    4265    4.480
    4266    4.476
    4267    4.470
    4268    4.431
    4269    4.380
    4270    4.867
    4271    4.239
    4272    4.121
    4273    4.673
    4274    4.085
    4275    5.441
    4276    4.535
    4277    4.484
    4278    4.490
    4279    4.435
    4280    4.437
    4281    4.294
    4282    4.713
    4283    5.164
    4284    4.732
    4285    4.041
    4286    5.357
    4287    5.323
    4288    5.269
    4289    5.635
    4290    4.396
    4291    4.127
    4292    5.049
    4293    4.241
    4294    4.317
    4295    4.944
    4296    4.971
    4297    4.611
    4298    4.527
    4299    4.583
    4300    4.716
    4301    4.231
    4302    3.958
    4303    4.748
    4304    3.770
    4305    4.168
    4306    4.770
    4307    4.401
    4308    4.613
    4309    6.175
    4310    6.439
    4311    4.340
    4312    4.714
    4313    4.857
    4314    4.187
    4315    3.866
    4316    4.227
    4317    4.077
    4318    4.497
    4319    4.290
    4320    5.062
    4321    5.030
    4322    4.592
    4323    4.621
    4324    4.478
    4325    4.180
    4326    4.164
    4327    3.737
    4328    3.936
    4329    4.714
    4330    4.221
    4331    4.329
    4332    4.297
    4333    5.353
    4334    4.088
    4335    4.441
    4336    5.088
    4337    3.997
    4338    4.465
    4339    4.671
    4340    4.401
    4341    4.533
    4342    4.454
    4343    4.578
    4344    4.311
    4345    4.094
    4346    4.084
    4347    3.995
    4348    4.819
    4349    4.486
    4350    4.333
    4351    4.280
    4352    3.899
    4353    3.921
    4354    4.468
    4355    4.266
    4356    4.671
    4357    4.876
    4358    4.657
    4359    5.355
    4360    5.348
    4361    3.960
    4362    5.528
    4363    4.373
    4364    5.050
    4365    4.734
    4366    5.390
    4367    5.118
    4368    4.993
    4369    4.402
    4370    4.500
    4371    4.952
    4372    4.557
    4373    4.642
    4374    4.508
    4375    4.381
    4376    4.514
    4377    4.551
    4378    4.353
    4379    4.174
    4380    5.018
    4381    5.658
    4382    5.300
    4383    4.583
    4384    4.821
    4385    4.477
    4386    4.285
    4387    4.232
    4388    5.241
    4389    4.768
    4390    4.556
    4391    4.266
    4392    4.198
    4393    4.284
    4394    5.034
    4395    5.828
    4396    5.651
    4397    6.044
    4398    6.100
    4399    5.975
    4400    6.210
    4401    4.736
    4402    5.162
    4403    4.562
    4404    4.003
    4405    3.935
    4406    4.333
    4407    4.325
    4408    4.118
    4409    4.939
    4410    4.514
    4411    4.397
    4412    4.160
    4413    4.435
    4414    4.738
    4415    4.181
    4416    4.664
    4417    5.979
    4418    4.628
    4419    4.816
    4420    5.646
    4421    6.343
    4422    5.943
    4423    6.847
    4424    5.639
    4425    4.736
    4426    5.124
    4427    4.725
    4428    4.165
    4429    5.108
    4430    4.434
    4431    4.138
    4432    4.491
    4433    5.674
    4434    4.883
    4435    4.484
    4436    4.463
    4437    4.371
    4438    4.244
    4439    5.083
    4440    5.040
    4441    5.025
    4442    5.325
    4443    4.931
    4444    4.465
    4445    4.252
    4446    5.053
    4447    5.361
    4448    4.459
    4449    4.594
    4450    5.730
    4451    5.595
    4452    5.279
    4453    5.773
    4454    4.604
    4455    4.421
    4456    4.705
    4457    4.949
    4458    5.567
    4459    4.727
    4460    4.815
    4461    4.616
    4462    4.333
    4463    5.040
    4464    4.281
    4465    4.411
    4466    3.959
    4467    4.370
    4468    4.306
    4469    4.385
    4470    4.324
    4471    4.285
    4472    4.512
    4473    4.163
    4474    4.138
    4475    4.299
    4476    5.140
    4477    4.348
    4478    4.381
    4479    4.055
    4480    4.069
    4481    4.059
    4482    4.364
    4483    4.257
    4484    4.524
    4485    4.681
    4486    4.093
    4487    4.870
    4488    4.720
    4489    5.224
    4490    4.878
    4491    4.864
    4492    4.421
    4493    4.636
    4494    4.462
    4495    4.274
    4496    4.350
    4497    4.163
    4498    4.529
    4499    4.066
    4500    4.913
    4501    4.784
    4502    5.381
    4503    5.145
    4504    6.489
    4505    5.369
    4506    5.103
    4507    4.830
    4508    5.147
    4509    5.432
    4510    5.923
    4511    6.314
    4512    5.609
    4513    6.369
    4514    6.038
    4515    7.090
    4516    6.911
    4517    6.332
    4518    4.776
    4519    4.708
    4520    4.835
    4521    6.075
    4522    6.137
    4523    6.919
    4524    6.416
    4525    6.265
    4526    5.239
    4527    7.330
    4528    5.796
    4529    6.196
    4530    5.992
    4531    5.144
    4532    6.742
    4533    5.597
    4534    5.112
    4535    6.256
    4536    6.019
    4537    5.603
    4538    5.694
    4539    4.664
    4540    4.986
    4541    6.046
    4542    6.262
    4543    6.546
    4544    5.610
    4545    5.982
    4546    5.638
    4547    4.561
    4548    6.098
    4549    5.755
    4550    4.697
    4551    4.660
    4552    4.446
    4553    4.518
    4554    4.915
    4555    4.467
    4556    4.293
    4557    4.088
    4558    3.819
    4559    3.942
    4560    3.950
    4561    4.436
    4562    3.909
    4563    4.438
    4564    4.231
    4565    4.663
    4566    4.600
    4567    3.807
    4568    4.237
    4569    4.366
    4570    4.425
    4571    4.154
    4572    3.908
    4573    4.486
    4574    4.185
    4575    3.815
    4576    4.667
    4577    3.780
    4578    3.885
    4579    4.490
    4580    4.271
    4581    4.088
    4582    4.725
    4583    4.358
    4584    4.478
    4585    4.505
    4586    4.201
    4587    4.729
    4588    5.718
    4589    4.209
    4590    4.679
    4591    3.897
    4592    4.327
    4593    3.818
    4594    4.062
    4595    4.003
    4596    3.872
    4597    3.875
    4598    3.859
    4599    4.454
    4600    4.720
    4601    4.411
    4602    4.425
    4603    4.527
    4604    4.738
    4605    4.217
    4606    3.941
    4607    4.776
    4608    6.281
    4609    4.770
    4610    4.820
    4611    5.150
    4612    6.396
    4613    5.134
    4614    5.860
    4615    6.160
    4616    5.196
    4617    5.396
    4618    4.722
    4619    4.820
    4620    5.437
    4621    4.335
    4622    4.478
    4623    4.497
    4624    5.149
    4625    4.490
    4626    4.920
    4627    4.145
    4628    4.373
    4629    4.999
    4630    4.301
    4631    4.937
    4632    4.980
    4633    5.043
    4634    4.504
    4635    4.446
    4636    4.495
    4637    4.346
    4638    4.182
    4639    4.628
    4640    4.602
    4641    4.240
    4642    4.617
    4643    5.000
    4644    3.570
    4645    3.788
    4646    3.716
    4647    4.208
    4648    3.904
    4649    3.943
    4650    3.906
    4651    4.100
    4652    3.703
    4653    4.425
    4654    4.345
    4655    3.914
    4656    3.676
    4657    4.072
    4658    4.115
    4659    4.764
    4660    5.235
    4661    5.022
    4662    4.931
    4663    5.763
    4664    5.728
    4665    4.360
    4666    4.335
    4667    5.241
    4668    4.946
    4669    4.298
    4670    5.111
    4671    4.946
    4672    4.650
    4673    4.357
    4674    4.181
    4675    4.499
    4676    4.594
    4677    4.615
    4678    4.753
    4679    5.474
    4680    5.621
    4681    4.836
    4682    4.305
    4683    5.068
    4684    5.034
    4685    5.141
    4686    4.972
    4687    5.343
    4688    5.182
    4689    4.376
    4690    4.330
    4691    4.284
    4692    4.567
    4693    4.245
    4694    4.619
    4695    4.515
    4696    4.474
    4697    4.391
    4698    4.824
    4699    5.138
    4700    4.559
    4701    4.732
    4702    4.485
    4703    5.211
    4704    4.813
    4705    4.512
    4706    4.588
    4707    4.913
    4708    4.856
    4709    4.444
    4710    5.039
    4711    4.324
    4712    4.546
    4713    4.944
    4714    4.497
    4715    4.417
    4716    4.384
    4717    4.472
    4718    4.188
    4719    4.705
    4720    4.706
    4721    4.474
    4722    4.301
    4723    4.770
    4724    4.361
    4725    4.591
    4726    4.975
    4727    4.394
    4728    4.563
    4729    4.261
    4730    4.469
    4731    3.917
    4732    3.748
    4733    3.931
    4734    3.567
    4735    4.142
    4736    4.353
    4737    4.597
    4738    4.495
    4739    4.399
    4740    4.567
    4741    3.855
    4742    4.152
    4743    4.327
    4744    4.590
    4745    5.188
    4746    4.490
    4747    5.337
    4748    4.656
    4749    4.832
    4750    5.624
    4751    4.697
    4752    4.793
    4753    4.569
    4754    4.158
    4755    3.839
    4756    4.177
    4757    4.293
    4758    4.260
    4759    3.709
    4760    4.114
    4761    3.675
    4762    4.001
    4763    4.449
    4764    3.790
    4765    3.990
    4766    3.695
    4767    3.981
    4768    4.033
    4769    4.028
    4770    4.113
    4771    4.434
    4772    3.589
    4773    4.164
    4774    4.284
    4775    4.192
    4776    5.597
    4777    4.735
    4778    5.490
    4779    5.509
    4780    4.545
    4781    4.061
    4782    4.299
    4783    4.398
    4784    4.540
    4785    4.311
    4786    4.015
    4787    4.070
    4788    3.866
    4789    3.526
    4790    3.645
    4791    4.081
    4792    4.229
    4793    4.540
    4794    4.365
    4795    4.314
    4796    3.915
    4797    4.515
    4798    3.869
    4799    3.638
    4800    4.387
    4801    4.145
    4802    3.849
    4803    4.150
    4804    4.241
    4805    4.129
    4806    4.582
    4807    4.285
    4808    4.131
    4809    4.855
    4810    4.144
    4811    4.308
    4812    4.333
    4813    4.086
    4814    4.300
    4815    3.980
    4816    3.713
    4817    3.797
    4818    3.913
    4819    4.638
    4820    3.979
    4821    4.047
    4822    4.602
    4823    4.024
    4824    4.094
    4825    3.503
    4826    3.617
    4827    3.464
    4828    4.070
    4829    3.690
    4830    4.149
    4831    3.596
    4832    3.895
    4833    3.857
    4834    4.138
    4835    3.946
    4836    4.046
    4837    3.768
    4838    3.953
    4839    4.472
    4840    4.055
    4841    4.480
    4842    3.917
    4843    4.141
    4844    4.761
    4845    4.239
    4846    4.337
    4847    4.347
    4848    4.619
    4849    4.433
    4850    4.874
    4851    4.833
    4852    4.963
    4853    4.394
    4854    4.372
    4855    4.725
    4856    4.825
    4857    4.558
    4858    4.589
    4859    4.400
    4860    4.594
    4861    4.625
    4862    4.391
    4863    4.456
    4864    4.784
    4865    4.738
    4866    4.240
    4867    4.030
    4868    3.716
    4869    4.039
    4870    4.102
    4871    4.388
    4872    4.709
    4873    4.469
    4874    4.139
    4875    4.148
    4876    4.702
    4877    4.715
    4878    3.982
    4879    4.613
    4880    4.728
    4881    4.474
    4882    3.873
    4883    4.025
    4884    4.488
    4885    4.334
    4886    4.441
    4887    4.055
    4888    4.297
    4889    4.640
    4890    4.340
    4891    4.698
    4892    4.446
    4893    4.813
    4894    4.752
    4895    4.367
    4896    4.466
    4897    4.429
    4898    4.867
    4899    4.284
    4900    4.545
    4901    4.757
    4902    5.046
    4903    4.507
    4904    3.942
    4905    4.092
    4906    3.976
    4907    4.116
    4908    4.086
    4909    4.165
    4910    4.502
    4911    4.204
    4912    4.267
    4913    4.714
    4914    4.697
    4915    4.749
    4916    4.390
    4917    4.747
    4918    5.053
    4919    4.867
    4920    4.543
    4921    4.603
    4922    4.952
    4923    4.266
    4924    4.931
    4925    4.406
    4926    4.925
    4927    5.065
    4928    5.525
    4929    4.887
    4930    4.466
    4931    3.962
    4932    3.904
    4933    4.821
    4934    4.284
    4935    4.668
    4936    4.907
    4937    4.479
    4938    4.265
    4939    4.622
    4940    4.498
    4941    4.753
    4942    4.667
    4943    4.641
    4944    4.432
    4945    4.602
    4946    4.812
    4947    4.441
    4948    4.662
    4949    4.453
    4950    4.471
    4951    4.566
    4952    4.582
    4953    4.402
    4954    4.312
    4955    4.437
    4956    5.362
    4957    6.298
    4958    5.937
    4959    6.368
    4960    5.155
    4961    5.909
    4962    5.255
    4963    5.540
    4964    5.811
    4965    6.511
    4966    7.426
    4967    6.872
    4968    5.198
    4969    4.519
    4970    4.850
    4971    5.566
    4972    5.224
    4973    5.848
    4974    5.298
    4975    6.104
    4976    6.006
    4977    5.348
    4978    5.920
    4979    5.325
    4980    6.086
    4981    5.913
    4982    5.774
    4983    6.231
    4984    5.648
    4985    5.954
    4986    4.574
    4987    5.428
    4988    4.995
    4989    5.577
    4990    4.642
    4991    5.202
    4992    4.981
    4993    4.693
    4994    4.608
    4995    4.018
    4996    4.470
    4997    4.658
    4998    4.436
    4999    4.553
    5000    4.581
