#Frame   WS_00001[lower] WS_00001[upper]
       1              32              32
       2              28              28
       3              30              30
       4              31              31
       5              35              35
       6              32              32
       7              38              38
       8              29              29
       9              33              33
      10              37              37
      11              36              36
      12              37              37
      13              37              37
      14              37              37
      15              37              37
      16              37              37
      17              36              36
      18              39              39
      19              32              32
      20              37              37
      21              34              34
      22              35              35
      23              36              36
      24              36              36
      25              36              36
      26              35              35
      27              39              39
      28              32              32
      29              35              35
      30              36              36
      31              39              39
      32              36              36
      33              36              36
      34              40              40
      35              36              36
      36              37              37
      37              40              40
      38              42              42
      39              34              34
      40              38              38
      41              37              37
      42              32              32
      43              44              44
      44              37              37
      45              36              36
      46              35              35
      47              37              37
      48              35              35
      49              30              30
      50              40              40
      51              42              42
      52              35              35
      53              43              43
      54              38              38
      55              35              35
      56              37              37
      57              37              37
      58              39              39
      59              31              31
      60              37              37
      61              38              38
      62              34              34
      63              34              34
      64              32              32
      65              35              35
      66              31              31
      67              37              37
      68              36              36
      69              34              34
      70              39              39
      71              34              34
      72              40              40
      73              38              38
      74              36              36
      75              36              36
      76              37              37
      77              35              35
      78              37              37
      79              34              34
      80              33              33
      81              33              33
      82              39              39
      83              36              36
      84              33              33
      85              35              35
      86              36              36
      87              33              33
      88              37              37
      89              35              35
      90              32              32
      91              35              35
      92              34              34
      93              33              33
      94              40              40
      95              32              32
      96              34              34
      97              38              38
      98              34              34
      99              36              36
     100              35              35
