   9.67900000   4.63100000   0.00000000 
   9.67900000   5.40877778   0.00000000 
   9.67900000   6.18655556   0.00000000 
   9.67900000   6.96433333   0.00000000 
   9.67900000   7.74211111   0.00000000 
   9.67900000   8.51988889   0.00000000 
   9.67900000   9.29766667   0.00000000 
   9.67900000  10.07544444   0.00000000 
   9.67900000  10.85322222   0.00000000 
   9.67900000  11.63100000   0.00000000 
   8.90122222   4.63100000   0.00000000 
   8.90122222   5.40877778   0.00000000 
   8.90122222   6.18655556   0.00000000 
   8.90122222   6.96433333   0.00000000 
   8.90122222   7.74211111   0.00000000 
   8.90122222   8.51988889   0.00000000 
   8.90122222   9.29766667   0.00000000 
   8.90122222  10.07544444   0.00000000 
   8.90122222  10.85322222   0.00000000 
   8.90122222  11.63100000   0.00000000 
   8.12344444   4.63100000   0.00000000 
   8.12344444   5.40877778   0.00000000 
   8.12344444   6.18655556   0.00000000 
   8.12344444   6.96433333   0.00000000 
   8.12344444   7.74211111   0.00000000 
   8.12344444   8.51988889   0.00000000 
   8.12344444   9.29766667   0.00000000 
   8.12344444  10.07544444   0.00000000 
   8.12344444  10.85322222   0.00000000 
   8.12344444  11.63100000   0.00000000 
   7.34566667   4.63100000   0.00000000 
   7.34566667   5.40877778   0.00000000 
   7.34566667   6.18655556   0.00000000 
   7.34566667   6.96433333   0.00000000 
   7.34566667   7.74211111   0.00000000 
   7.34566667   8.51988889   0.00000000 
   7.34566667   9.29766667   0.00000000 
   7.34566667  10.07544444   0.00000000 
   7.34566667  10.85322222   0.00000000 
   7.34566667  11.63100000   0.00000000 
   6.56788889   4.63100000   0.00000000 
   6.56788889   5.40877778   0.00000000 
   6.56788889   6.18655556   0.00000000 
   6.56788889   6.96433333   0.00000000 
   6.56788889   7.74211111   0.00000000 
   6.56788889   8.51988889   0.00000000 
   6.56788889   9.29766667   0.00000000 
   6.56788889  10.07544444   0.00000000 
   6.56788889  10.85322222   0.00000000 
   6.56788889  11.63100000   0.00000000 
   5.79011111   4.63100000   0.00000000 
   5.79011111   5.40877778   0.00000000 
   5.79011111   6.18655556   0.00000000 
   5.79011111   6.96433333   0.00000000 
   5.79011111   7.74211111   0.00000000 
   5.79011111   8.51988889   0.00000000 
   5.79011111   9.29766667   0.00000000 
   5.79011111  10.07544444   0.00000000 
   5.79011111  10.85322222   0.00000000 
   5.79011111  11.63100000   0.00000000 
   5.01233333   4.63100000   0.00000000 
   5.01233333   5.40877778   0.00000000 
   5.01233333   6.18655556   0.00000000 
   5.01233333   6.96433333   0.00000000 
   5.01233333   7.74211111   0.00000000 
   5.01233333   8.51988889   0.00000000 
   5.01233333   9.29766667   0.00000000 
   5.01233333  10.07544444   0.00000000 
   5.01233333  10.85322222   0.00000000 
   5.01233333  11.63100000   0.00000000 
   4.23455556   4.63100000   0.00000000 
   4.23455556   5.40877778   0.00000000 
   4.23455556   6.18655556   0.00000000 
   4.23455556   6.96433333   0.00000000 
   4.23455556   7.74211111   0.00000000 
   4.23455556   8.51988889   0.00000000 
   4.23455556   9.29766667   0.00000000 
   4.23455556  10.07544444   0.00000000 
   4.23455556  10.85322222   0.00000000 
   4.23455556  11.63100000   0.00000000 
   3.45677778   4.63100000   0.00000000 
   3.45677778   5.40877778   0.00000000 
   3.45677778   6.18655556   0.00000000 
   3.45677778   6.96433333   0.00000000 
   3.45677778   7.74211111   0.00000000 
   3.45677778   8.51988889   0.00000000 
   3.45677778   9.29766667   0.00000000 
   3.45677778  10.07544444   0.00000000 
   3.45677778  10.85322222   0.00000000 
   3.45677778  11.63100000   0.00000000 
   2.67900000   4.63100000   0.00000000 
   2.67900000   5.40877778   0.00000000 
   2.67900000   6.18655556   0.00000000 
   2.67900000   6.96433333   0.00000000 
   2.67900000   7.74211111   0.00000000 
   2.67900000   8.51988889   0.00000000 
   2.67900000   9.29766667   0.00000000 
   2.67900000  10.07544444   0.00000000 
   2.67900000  10.85322222   0.00000000 
   2.67900000  11.63100000   0.00000000 
