   9.67900000   4.63100000 -133.63408074 
   9.67900000   5.40877778 -133.63150698 
   9.67900000   6.18655556 -133.63045606 
   9.67900000   6.96433333 -133.63038110 
   9.67900000   7.74211111 -133.63039993 
   9.67900000   8.51988889 -133.63218424 
   9.67900000   9.29766667 -133.63024829 
   9.67900000  10.07544444 -133.62982733 
   9.67900000  10.85322222 -133.63021202 
   9.67900000  11.63100000 -133.62983303 
   8.90122222   4.63100000 -133.63542173 
   8.90122222   5.40877778 -133.63268982 
   8.90122222   6.18655556 -133.63085315 
   8.90122222   6.96433333 -133.62956069 
   8.90122222   7.74211111 -133.63007613 
   8.90122222   8.51988889 -133.63166879 
   8.90122222   9.29766667 -133.63065857 
   8.90122222  10.07544444 -133.63366074 
   8.90122222  10.85322222 -133.63277888 
   8.90122222  11.63100000 -133.63119263 
   8.12344444   4.63100000 -133.63653634 
   8.12344444   5.40877778 -133.63265158 
   8.12344444   6.18655556 -133.62932734 
   8.12344444   6.96433333 -133.63056431 
   8.12344444   7.74211111 -133.63134124 
   8.12344444   8.51988889 -133.63456686 
   8.12344444   9.29766667 -133.63451552 
   8.12344444  10.07544444 -133.63271208 
   8.12344444  10.85322222 -133.63270240 
   8.12344444  11.63100000 -133.63136032 
   7.34566667   4.63100000 -133.63578303 
   7.34566667   5.40877778 -133.63284248 
   7.34566667   6.18655556 -133.63105974 
   7.34566667   6.96433333 -133.63151256 
   7.34566667   7.74211111 -133.63185110 
   7.34566667   8.51988889 -133.63491981 
   7.34566667   9.29766667 -133.63398656 
   7.34566667  10.07544444 -133.63206433 
   7.34566667  10.85322222 -133.63234425 
   7.34566667  11.63100000 -133.63203499 
   6.56788889   4.63100000 -133.63689986 
   6.56788889   5.40877778 -133.63353915 
   6.56788889   6.18655556 -133.63251290 
   6.56788889   6.96433333 -133.63409898 
   6.56788889   7.74211111 -133.63595372 
   6.56788889   8.51988889 -133.63792068 
   6.56788889   9.29766667 -133.63678580 
   6.56788889  10.07544444 -133.63509990 
   6.56788889  10.85322222 -133.63344954 
   6.56788889  11.63100000 -133.63456481 
   5.79011111   4.63100000 -133.63694621 
   5.79011111   5.40877778 -133.63611790 
   5.79011111   6.18655556 -133.63583344 
   5.79011111   6.96433333 -133.63527534 
   5.79011111   7.74211111 -133.63863882 
   5.79011111   8.51988889 -133.63939634 
   5.79011111   9.29766667 -133.63863145 
   5.79011111  10.07544444 -133.63734177 
   5.79011111  10.85322222 -133.63574424 
   5.79011111  11.63100000 -133.64145806 
   5.01233333   4.63100000 -133.63904488 
   5.01233333   5.40877778 -133.63888389 
   5.01233333   6.18655556 -133.63802495 
   5.01233333   6.96433333 -133.63833751 
   5.01233333   7.74211111 -133.64086576 
   5.01233333   8.51988889 -133.64013180 
   5.01233333   9.29766667 -133.63891725 
   5.01233333  10.07544444 -133.63788588 
   5.01233333  10.85322222 -133.63935161 
   5.01233333  11.63100000 -133.63752547 
   4.23455556   4.63100000 -133.63843497 
   4.23455556   5.40877778 -133.63732495 
   4.23455556   6.18655556 -133.64060462 
   4.23455556   6.96433333 -133.64076672 
   4.23455556   7.74211111 -133.64103810 
   4.23455556   8.51988889 -133.64349398 
   4.23455556   9.29766667 -133.64338798 
   4.23455556  10.07544444 -133.64252813 
   4.23455556  10.85322222 -133.63963099 
   4.23455556  11.63100000 -133.63983344 
   3.45677778   4.63100000 -133.63009133 
   3.45677778   5.40877778 -133.62766937 
   3.45677778   6.18655556 -133.62663245 
   3.45677778   6.96433333 -133.62735046 
   3.45677778   7.74211111 -133.62651225 
   3.45677778   8.51988889 -133.62538751 
   3.45677778   9.29766667 -133.62708621 
   3.45677778  10.07544444 -133.62674472 
   3.45677778  10.85322222 -133.63000131 
   3.45677778  11.63100000 -133.62977453 
   2.67900000   4.63100000 -133.57827399 
   2.67900000   5.40877778 -133.57587985 
   2.67900000   6.18655556 -133.57432376 
   2.67900000   6.96433333 -133.57479153 
   2.67900000   7.74211111 -133.57652734 
   2.67900000   8.51988889 -133.57780620 
   2.67900000   9.29766667 -133.57794898 
   2.67900000  10.07544444 -133.57733183 
   2.67900000  10.85322222 -133.57606532 
   2.67900000  11.63100000 -133.58825400 
