#Frame   HeadAnyN
       1    5.519
       2    5.509
       3    4.341
       4    6.039
       5    5.737
       6    6.166
       7    4.684
       8    4.587
       9    5.295
      10    5.572
      11    6.795
      12    5.375
      13    6.717
      14    6.867
      15    6.828
      16    6.575
      17    6.591
      18    5.487
      19    5.992
      20    6.042
      21    5.456
      22    5.197
      23    4.530
      24    5.392
      25    4.722
      26    4.660
      27    4.276
      28    5.069
      29    4.254
      30    4.804
      31    5.544
      32    6.411
      33    6.588
      34    6.050
      35    6.496
      36    6.853
      37    5.705
      38    4.593
      39    4.947
      40    4.957
      41    4.788
      42    4.591
      43    4.634
      44    4.728
      45    4.802
      46    4.257
      47    4.793
      48    4.949
      49    4.719
      50    4.250
      51    4.345
      52    4.880
      53    4.432
      54    5.123
      55    4.471
      56    5.526
      57    4.832
      58    5.498
      59    5.162
      60    4.269
      61    4.916
      62    5.521
      63    6.290
      64    6.984
      65    5.888
      66    6.244
      67    4.644
      68    4.804
      69    6.075
      70    5.599
      71    5.589
      72    5.653
      73    6.640
      74    6.475
      75    6.625
      76    5.404
      77    5.074
      78    6.225
      79    5.966
      80    5.687
      81    5.303
      82    6.153
      83    6.721
      84    6.439
      85    6.048
      86    6.045
      87    5.759
      88    6.396
      89    5.418
      90    5.414
      91    5.926
      92    7.581
      93    5.460
      94    5.420
      95    5.823
      96    5.238
      97    4.009
      98    6.348
      99    5.639
     100    6.418
     101    6.009
     102    5.908
     103    6.272
     104    6.596
     105    6.299
     106    5.792
     107    6.378
     108    5.715
     109    6.178
     110    6.583
     111    6.353
     112    5.967
     113    6.425
     114    6.467
     115    5.533
     116    6.511
     117    6.807
     118    5.903
     119    6.696
     120    7.403
     121    7.445
     122    5.567
     123    4.992
     124    3.722
     125    3.949
     126    4.709
     127    4.431
     128    5.084
     129    6.115
     130    6.098
     131    5.826
     132    5.687
     133    6.441
     134    6.438
     135    4.890
     136    6.741
     137    6.458
     138    6.148
     139    5.857
     140    4.894
     141    6.334
     142    7.377
     143    6.194
     144    5.906
     145    6.064
     146    5.450
     147    5.886
     148    6.805
     149    5.657
     150    6.946
     151    6.161
     152    5.397
     153    4.797
     154    6.134
     155    6.466
     156    6.848
     157    6.059
     158    6.709
     159    7.496
     160    5.624
     161    4.898
     162    5.700
     163    5.339
     164    5.247
     165    5.933
     166    6.645
     167    5.646
     168    5.612
     169    6.088
     170    6.598
     171    6.623
     172    5.429
     173    5.232
     174    7.026
     175    7.412
     176    6.311
     177    6.644
     178    5.886
     179    7.502
     180    6.523
     181    6.061
     182    6.675
     183    5.532
     184    6.265
     185    6.392
     186    6.347
     187    7.003
     188    6.308
     189    6.234
     190    5.922
     191    5.619
     192    6.407
     193    6.196
     194    6.569
     195    4.603
     196    4.648
     197    4.552
     198    5.982
     199    5.675
     200    5.130
     201    6.077
     202    5.775
     203    6.543
     204    5.044
     205    5.627
     206    6.065
     207    6.823
     208    6.465
     209    6.517
     210    7.021
     211    7.142
     212    7.410
     213    7.304
     214    6.456
     215    5.290
     216    6.341
     217    5.559
     218    5.056
     219    5.319
     220    5.811
     221    5.886
     222    6.416
     223    6.719
     224    5.926
     225    5.682
     226    6.177
     227    6.016
     228    6.286
     229    7.240
     230    8.081
     231    6.210
     232    7.081
     233    6.998
     234    7.202
     235    6.567
     236    7.458
     237    6.157
     238    6.465
     239    5.718
     240    7.165
     241    6.514
     242    6.754
     243    6.687
     244    6.397
     245    7.197
     246    6.899
     247    7.074
     248    5.697
     249    5.762
     250    4.631
     251    4.773
     252    4.410
     253    4.789
     254    4.940
     255    5.228
     256    4.985
     257    4.638
     258    5.076
     259    4.354
     260    4.495
     261    5.040
     262    4.608
     263    4.890
     264    4.320
     265    4.561
     266    5.058
     267    3.674
     268    4.016
     269    4.054
     270    3.644
     271    3.833
     272    3.799
     273    4.725
     274    4.399
     275    4.448
     276    5.910
     277    5.880
     278    5.960
     279    5.378
     280    5.808
     281    4.972
     282    5.026
     283    4.075
     284    4.226
     285    4.339
     286    4.593
     287    5.438
     288    5.090
     289    4.329
     290    4.926
     291    5.501
     292    4.888
     293    4.410
     294    4.426
     295    4.283
     296    5.029
     297    5.760
     298    5.008
     299    4.309
     300    4.371
     301    3.989
     302    3.945
     303    3.925
     304    3.850
     305    4.416
     306    4.234
     307    4.418
     308    4.330
     309    5.205
     310    4.696
     311    4.171
     312    4.434
     313    3.942
     314    5.001
     315    4.566
     316    5.081
     317    4.356
     318    4.500
     319    4.555
     320    4.460
     321    4.725
     322    4.583
     323    4.750
     324    4.635
     325    4.629
     326    4.156
     327    4.206
     328    5.113
     329    5.283
     330    4.844
     331    4.874
     332    4.236
     333    4.590
     334    4.458
     335    4.229
     336    4.188
     337    5.084
     338    4.385
     339    4.421
     340    4.550
     341    4.157
     342    4.680
     343    4.340
     344    4.982
     345    4.083
     346    4.338
     347    4.240
     348    4.185
     349    4.347
     350    4.185
     351    4.736
     352    5.036
     353    4.265
     354    4.105
     355    3.992
     356    4.426
     357    4.743
     358    4.912
     359    4.487
     360    4.855
     361    4.903
     362    4.656
     363    3.984
     364    4.256
     365    4.805
     366    4.121
     367    4.214
     368    3.828
     369    4.381
     370    4.389
     371    4.423
     372    4.040
     373    4.710
     374    4.384
     375    4.295
     376    4.025
     377    4.139
     378    3.911
     379    3.750
     380    3.977
     381    5.013
     382    4.047
     383    4.235
     384    4.395
     385    4.801
     386    4.175
     387    4.818
     388    4.801
     389    4.382
     390    4.932
     391    5.712
     392    6.123
     393    6.728
     394    5.910
     395    5.950
     396    6.044
     397    6.057
     398    6.313
     399    5.637
     400    5.949
     401    6.039
     402    4.948
     403    5.590
     404    5.662
     405    6.746
     406    6.825
     407    6.484
     408    5.399
     409    4.762
     410    5.227
     411    4.111
     412    4.364
     413    4.599
     414    4.675
     415    4.738
     416    6.194
     417    4.364
     418    5.731
     419    6.421
     420    6.386
     421    4.279
     422    4.508
     423    5.622
     424    6.055
     425    5.863
     426    5.758
     427    6.010
     428    6.468
     429    6.563
     430    4.480
     431    4.296
     432    4.559
     433    4.399
     434    4.583
     435    4.689
     436    6.494
     437    6.094
     438    6.368
     439    6.042
     440    5.427
     441    6.077
     442    5.430
     443    5.036
     444    4.958
     445    6.582
     446    6.780
     447    6.350
     448    6.201
     449    6.056
     450    6.200
     451    5.980
     452    5.684
     453    6.428
     454    5.946
     455    5.991
     456    7.041
     457    6.419
     458    6.241
     459    5.825
     460    5.022
     461    5.620
     462    6.561
     463    5.130
     464    6.490
     465    7.121
     466    6.113
     467    6.312
     468    5.371
     469    6.431
     470    6.981
     471    5.790
     472    6.112
     473    5.826
     474    5.924
     475    6.032
     476    4.758
     477    6.355
     478    7.060
     479    6.639
     480    5.738
     481    4.703
     482    5.623
     483    5.026
     484    4.247
     485    4.887
     486    4.570
     487    5.531
     488    5.886
     489    4.918
     490    6.532
     491    5.841
     492    5.044
     493    5.409
     494    4.808
     495    6.485
     496    6.114
     497    6.010
     498    5.343
     499    5.430
     500    6.001
     501    5.575
     502    5.567
     503    5.993
     504    5.770
     505    5.284
     506    5.767
     507    4.935
     508    5.614
     509    6.051
     510    6.015
     511    5.437
     512    4.694
     513    5.311
     514    5.382
     515    5.210
     516    6.152
     517    6.991
     518    6.183
     519    6.073
     520    6.919
     521    7.275
     522    6.475
     523    4.287
     524    4.147
     525    4.688
     526    6.790
     527    6.628
     528    6.984
     529    6.965
     530    5.157
     531    4.354
     532    5.934
     533    6.029
     534    5.829
     535    7.281
     536    7.158
     537    6.738
     538    6.817
     539    6.549
     540    4.572
     541    5.272
     542    6.138
     543    5.676
     544    5.823
     545    4.840
     546    4.501
     547    5.382
     548    4.370
     549    4.448
     550    5.013
     551    4.350
     552    5.864
     553    5.878
     554    5.742
     555    5.804
     556    5.965
     557    5.684
     558    5.819
     559    5.705
     560    5.699
     561    5.346
     562    5.941
     563    5.803
     564    6.369
     565    5.382
     566    6.142
     567    5.039
     568    5.821
     569    5.884
     570    5.371
     571    6.075
     572    6.064
     573    6.315
     574    6.986
     575    6.489
     576    6.699
     577    6.161
     578    4.210
     579    4.198
     580    3.675
     581    4.218
     582    5.035
     583    5.560
     584    5.187
     585    4.885
     586    4.447
     587    4.698
     588    4.092
     589    3.983
     590    4.382
     591    4.306
     592    4.094
     593    4.543
     594    3.483
     595    4.092
     596    3.632
     597    3.617
     598    3.484
     599    4.200
     600    5.485
     601    4.504
     602    4.247
     603    5.602
     604    5.125
     605    6.539
     606    5.989
     607    5.648
     608    4.708
     609    5.765
     610    4.895
     611    5.645
     612    5.521
     613    4.256
     614    4.135
     615    4.373
     616    3.742
     617    4.237
     618    4.561
     619    3.940
     620    5.434
     621    5.602
     622    5.775
     623    5.472
     624    5.375
     625    4.654
     626    6.311
     627    5.606
     628    6.016
     629    5.755
     630    6.279
     631    5.803
     632    6.160
     633    6.879
     634    6.925
     635    5.795
     636    6.247
     637    6.778
     638    6.449
     639    6.909
     640    5.724
     641    6.460
     642    5.634
     643    6.084
     644    6.538
     645    5.797
     646    6.361
     647    6.399
     648    6.786
     649    6.673
     650    6.064
     651    5.280
     652    5.048
     653    5.360
     654    5.756
     655    6.660
     656    5.776
     657    6.808
     658    4.926
     659    4.687
     660    5.492
     661    4.954
     662    5.520
     663    5.209
     664    4.369
     665    6.093
     666    5.306
     667    4.392
     668    4.593
     669    6.477
     670    6.448
     671    6.651
     672    5.983
     673    5.982
     674    5.732
     675    6.278
     676    4.946
     677    4.337
     678    4.156
     679    4.848
     680    3.813
     681    3.648
     682    4.746
     683    5.514
     684    3.963
     685    4.431
     686    4.813
     687    5.051
     688    4.330
     689    4.553
     690    4.734
     691    5.205
     692    5.317
     693    4.719
     694    5.495
     695    5.912
     696    5.317
     697    5.972
     698    5.812
     699    5.050
     700    4.692
     701    4.173
     702    6.061
     703    4.818
     704    4.883
     705    5.529
     706    4.442
     707    5.633
     708    6.361
     709    6.853
     710    6.969
     711    7.204
     712    5.578
     713    4.720
     714    4.493
     715    4.695
     716    5.125
     717    4.330
     718    4.354
     719    4.780
     720    4.615
     721    5.038
     722    5.558
     723    5.352
     724    6.198
     725    5.102
     726    6.204
     727    5.455
     728    6.358
     729    6.394
     730    5.687
     731    6.786
     732    6.533
     733    6.644
     734    5.800
     735    7.141
     736    6.029
     737    5.867
     738    6.157
     739    5.508
     740    4.502
     741    4.667
     742    5.918
     743    5.425
     744    5.018
     745    4.577
     746    4.399
     747    4.279
     748    3.803
     749    3.376
     750    3.600
     751    3.610
     752    4.149
     753    3.798
     754    4.386
     755    4.690
     756    5.362
     757    5.657
     758    5.304
     759    5.303
     760    5.111
     761    4.857
     762    4.478
     763    4.568
     764    4.222
     765    3.920
     766    3.856
     767    4.588
     768    4.256
     769    3.783
     770    3.765
     771    4.622
     772    3.956
     773    4.009
     774    4.016
     775    3.853
     776    4.306
     777    4.647
     778    4.434
     779    4.540
     780    4.772
     781    5.514
     782    4.392
     783    4.591
     784    4.779
     785    5.305
     786    4.572
     787    4.429
     788    4.650
     789    5.178
     790    4.139
     791    4.967
     792    4.597
     793    4.486
     794    5.082
     795    4.367
     796    4.700
     797    4.428
     798    5.689
     799    6.041
     800    5.319
     801    5.563
     802    6.322
     803    4.793
     804    4.281
     805    4.886
     806    4.618
     807    5.719
     808    5.136
     809    5.104
     810    4.702
     811    5.108
     812    6.125
     813    5.313
     814    4.933
     815    4.270
     816    6.347
     817    6.055
     818    4.246
     819    4.368
     820    4.781
     821    4.478
     822    4.293
     823    4.337
     824    4.464
     825    4.093
     826    4.500
     827    4.636
     828    4.770
     829    4.443
     830    6.296
     831    4.397
     832    4.620
     833    4.477
     834    4.489
     835    4.949
     836    5.417
     837    4.257
     838    4.458
     839    4.602
     840    4.689
     841    4.476
     842    4.370
     843    4.682
     844    5.794
     845    6.071
     846    6.279
     847    6.182
     848    6.685
     849    6.600
     850    6.324
     851    6.030
     852    5.282
     853    5.895
     854    5.399
     855    6.189
     856    6.430
     857    5.358
     858    4.894
     859    6.012
     860    5.596
     861    5.979
     862    6.023
     863    5.813
     864    6.079
     865    6.466
     866    5.063
     867    5.503
     868    6.411
     869    5.887
     870    6.094
     871    6.189
     872    5.421
     873    4.952
     874    4.557
     875    5.393
     876    6.229
     877    6.523
     878    6.230
     879    6.508
     880    6.398
     881    5.933
     882    6.891
     883    6.802
     884    5.449
     885    6.227
     886    5.431
     887    4.275
     888    4.327
     889    4.980
     890    5.283
     891    5.746
     892    5.989
     893    5.366
     894    5.658
     895    6.039
     896    6.255
     897    5.773
     898    5.205
     899    5.329
     900    5.107
     901    5.486
     902    4.969
     903    5.928
     904    6.688
     905    6.291
     906    5.856
     907    4.482
     908    4.346
     909    6.510
     910    5.303
     911    5.442
     912    5.269
     913    5.272
     914    4.393
     915    4.737
     916    5.087
     917    5.003
     918    4.774
     919    4.939
     920    4.524
     921    4.727
     922    5.483
     923    6.047
     924    4.526
     925    6.257
     926    5.334
     927    6.035
     928    6.415
     929    5.149
     930    5.752
     931    6.113
     932    6.819
     933    6.412
     934    5.302
     935    5.309
     936    5.957
     937    5.623
     938    6.273
     939    6.854
     940    6.512
     941    5.960
     942    5.618
     943    4.482
     944    4.917
     945    5.876
     946    4.613
     947    5.247
     948    5.345
     949    4.697
     950    4.750
     951    5.268
     952    5.763
     953    5.907
     954    6.255
     955    5.888
     956    5.555
     957    6.015
     958    4.533
     959    4.473
     960    5.262
     961    5.904
     962    5.326
     963    5.878
     964    6.227
     965    5.992
     966    6.017
     967    4.807
     968    4.914
     969    4.135
     970    4.351
     971    4.937
     972    5.093
     973    4.876
     974    5.209
     975    6.282
     976    6.327
     977    5.961
     978    6.149
     979    6.420
     980    6.719
     981    4.821
     982    5.080
     983    6.117
     984    5.048
     985    5.137
     986    5.713
     987    5.851
     988    4.782
     989    4.787
     990    5.104
     991    4.283
     992    4.606
     993    5.120
     994    4.484
     995    4.931
     996    5.568
     997    7.388
     998    6.395
     999    5.980
    1000    6.712
    1001    6.864
    1002    6.945
    1003    4.475
    1004    5.237
    1005    5.621
    1006    6.267
    1007    4.869
    1008    5.378
    1009    4.621
    1010    6.205
    1011    4.302
    1012    3.931
    1013    4.340
    1014    5.935
    1015    5.735
    1016    5.708
    1017    6.505
    1018    5.047
    1019    7.008
    1020    5.515
    1021    6.828
    1022    7.490
    1023    7.044
    1024    7.934
    1025    6.951
    1026    8.231
    1027    7.269
    1028    7.730
    1029    7.088
    1030    7.508
    1031    6.175
    1032    7.322
    1033    6.785
    1034    6.361
    1035    7.902
    1036    6.751
    1037    6.234
    1038    7.305
    1039    6.466
    1040    5.986
    1041    5.823
    1042    4.566
    1043    4.611
    1044    4.655
    1045    4.275
    1046    4.710
    1047    5.033
    1048    4.153
    1049    4.531
    1050    4.103
    1051    4.153
    1052    4.252
    1053    4.236
    1054    4.353
    1055    4.329
    1056    5.264
    1057    6.143
    1058    4.464
    1059    4.725
    1060    4.368
    1061    4.542
    1062    4.558
    1063    4.434
    1064    4.242
    1065    4.348
    1066    4.675
    1067    4.019
    1068    4.499
    1069    4.499
    1070    4.564
    1071    5.912
    1072    6.038
    1073    6.409
    1074    7.086
    1075    7.137
    1076    6.186
    1077    6.523
    1078    6.255
    1079    5.887
    1080    5.689
    1081    6.180
    1082    6.002
    1083    4.605
    1084    4.957
    1085    4.741
    1086    4.977
    1087    4.825
    1088    4.520
    1089    4.433
    1090    4.296
    1091    6.114
    1092    5.214
    1093    4.307
    1094    4.591
    1095    4.228
    1096    4.335
    1097    5.606
    1098    5.151
    1099    5.759
    1100    5.851
    1101    6.076
    1102    5.098
    1103    4.923
    1104    5.198
    1105    5.265
    1106    5.643
    1107    4.985
    1108    4.417
    1109    5.456
    1110    6.201
    1111    6.059
    1112    5.381
    1113    6.270
    1114    4.963
    1115    6.099
    1116    4.802
    1117    7.026
    1118    5.459
    1119    5.815
    1120    5.396
    1121    5.317
    1122    6.683
    1123    6.793
    1124    5.701
    1125    4.806
    1126    4.651
    1127    4.470
    1128    4.477
    1129    4.915
    1130    4.520
    1131    4.518
    1132    4.479
    1133    4.487
    1134    4.495
    1135    4.347
    1136    4.070
    1137    4.075
    1138    4.241
    1139    4.372
    1140    4.301
    1141    5.149
    1142    4.597
    1143    4.184
    1144    4.032
    1145    4.187
    1146    3.982
    1147    4.169
    1148    4.424
    1149    4.233
    1150    4.729
    1151    4.838
    1152    5.745
    1153    4.291
    1154    4.247
    1155    4.788
    1156    4.113
    1157    5.766
    1158    5.354
    1159    4.329
    1160    4.452
    1161    4.792
    1162    5.162
    1163    5.649
    1164    4.247
    1165    5.415
    1166    5.745
    1167    6.459
    1168    5.839
    1169    5.215
    1170    4.568
    1171    4.761
    1172    4.702
    1173    4.549
    1174    4.786
    1175    4.365
    1176    4.514
    1177    4.624
    1178    4.268
    1179    4.452
    1180    4.440
    1181    4.879
    1182    4.510
    1183    4.550
    1184    4.283
    1185    5.393
    1186    4.961
    1187    4.742
    1188    4.702
    1189    4.520
    1190    4.046
    1191    4.343
    1192    4.345
    1193    4.871
    1194    4.516
    1195    4.479
    1196    4.662
    1197    4.462
    1198    4.618
    1199    4.276
    1200    4.671
    1201    4.980
    1202    4.786
    1203    4.585
    1204    4.420
    1205    4.748
    1206    4.845
    1207    4.657
    1208    4.759
    1209    5.846
    1210    5.767
    1211    5.051
    1212    5.644
    1213    5.394
    1214    5.606
    1215    5.885
    1216    4.993
    1217    4.821
    1218    4.349
    1219    4.391
    1220    5.114
    1221    4.310
    1222    4.101
    1223    4.429
    1224    4.917
    1225    4.373
    1226    4.156
    1227    5.098
    1228    4.594
    1229    4.989
    1230    5.853
    1231    6.228
    1232    5.981
    1233    5.684
    1234    5.697
    1235    4.541
    1236    4.981
    1237    4.488
    1238    4.853
    1239    4.510
    1240    4.094
    1241    4.951
    1242    4.623
    1243    4.336
    1244    4.733
    1245    4.064
    1246    4.870
    1247    4.545
    1248    4.705
    1249    4.216
    1250    4.392
    1251    4.113
    1252    3.655
    1253    4.558
    1254    4.291
    1255    6.393
    1256    5.027
    1257    4.189
    1258    5.143
    1259    5.601
    1260    5.498
    1261    4.548
    1262    4.905
    1263    4.570
    1264    4.429
    1265    4.682
    1266    4.556
    1267    4.338
    1268    4.824
    1269    4.365
    1270    4.619
    1271    4.695
    1272    4.856
    1273    4.542
    1274    4.621
    1275    4.901
    1276    4.587
    1277    4.350
    1278    5.190
    1279    4.148
    1280    4.706
    1281    4.697
    1282    4.451
    1283    4.397
    1284    5.383
    1285    4.066
    1286    4.182
    1287    4.652
    1288    4.799
    1289    4.023
    1290    4.592
    1291    4.497
    1292    4.400
    1293    4.417
    1294    4.460
    1295    4.653
    1296    4.977
    1297    4.521
    1298    4.367
    1299    4.474
    1300    4.161
    1301    4.397
    1302    4.424
    1303    4.458
    1304    4.598
    1305    4.515
    1306    4.585
    1307    4.587
    1308    4.915
    1309    5.284
    1310    4.690
    1311    4.357
    1312    5.247
    1313    4.581
    1314    5.269
    1315    4.676
    1316    4.809
    1317    5.235
    1318    5.580
    1319    4.536
    1320    4.479
    1321    4.270
    1322    4.505
    1323    5.196
    1324    5.318
    1325    4.717
    1326    3.995
    1327    4.637
    1328    4.654
    1329    5.265
    1330    4.908
    1331    4.246
    1332    3.732
    1333    4.177
    1334    3.905
    1335    4.075
    1336    5.670
    1337    4.696
    1338    4.730
    1339    4.687
    1340    4.294
    1341    5.398
    1342    6.152
    1343    4.718
    1344    5.417
    1345    5.529
    1346    6.075
    1347    5.890
    1348    5.783
    1349    6.113
    1350    5.937
    1351    5.058
    1352    5.814
    1353    6.096
    1354    6.884
    1355    5.375
    1356    5.115
    1357    4.912
    1358    4.536
    1359    5.365
    1360    5.439
    1361    4.592
    1362    5.429
    1363    5.327
    1364    6.191
    1365    6.741
    1366    5.825
    1367    5.362
    1368    5.441
    1369    4.497
    1370    4.246
    1371    4.502
    1372    5.392
    1373    5.854
    1374    6.625
    1375    6.106
    1376    5.029
    1377    5.174
    1378    6.003
    1379    5.841
    1380    4.653
    1381    5.588
    1382    5.179
    1383    4.540
    1384    4.838
    1385    4.699
    1386    5.531
    1387    4.480
    1388    5.156
    1389    5.261
    1390    4.752
    1391    4.795
    1392    4.726
    1393    5.909
    1394    6.308
    1395    5.416
    1396    5.146
    1397    4.354
    1398    4.097
    1399    5.229
    1400    4.673
    1401    4.052
    1402    4.127
    1403    4.970
    1404    5.449
    1405    5.242
    1406    4.698
    1407    5.235
    1408    4.954
    1409    4.446
    1410    5.006
    1411    4.834
    1412    4.623
    1413    4.596
    1414    4.447
    1415    4.287
    1416    4.227
    1417    6.038
    1418    6.085
    1419    5.044
    1420    5.821
    1421    5.073
    1422    4.778
    1423    5.015
    1424    4.522
    1425    4.681
    1426    4.034
    1427    4.613
    1428    4.777
    1429    4.673
    1430    4.631
    1431    4.719
    1432    4.692
    1433    4.739
    1434    4.279
    1435    4.563
    1436    5.604
    1437    5.934
    1438    4.869
    1439    4.324
    1440    4.934
    1441    5.964
    1442    4.467
    1443    4.421
    1444    4.613
    1445    4.435
    1446    4.237
    1447    4.672
    1448    4.439
    1449    4.533
    1450    4.267
    1451    4.079
    1452    4.332
    1453    4.240
    1454    4.514
    1455    4.411
    1456    5.368
    1457    4.913
    1458    4.726
    1459    4.578
    1460    4.448
    1461    4.645
    1462    4.316
    1463    4.359
    1464    4.100
    1465    4.463
    1466    4.447
    1467    4.587
    1468    4.693
    1469    4.841
    1470    4.625
    1471    3.830
    1472    3.964
    1473    4.454
    1474    4.543
    1475    4.430
    1476    5.107
    1477    4.438
    1478    4.685
    1479    4.755
    1480    4.943
    1481    4.328
    1482    4.259
    1483    4.677
    1484    4.107
    1485    4.487
    1486    4.225
    1487    3.631
    1488    3.859
    1489    3.531
    1490    3.832
    1491    4.773
    1492    4.705
    1493    4.284
    1494    3.965
    1495    4.490
    1496    4.345
    1497    5.064
    1498    3.771
    1499    4.215
    1500    3.877
    1501    4.867
    1502    5.251
    1503    4.542
    1504    5.544
    1505    4.954
    1506    4.673
    1507    4.928
    1508    4.356
    1509    4.381
    1510    4.664
    1511    4.500
    1512    4.278
    1513    4.860
    1514    5.673
    1515    6.250
    1516    5.358
    1517    5.761
    1518    5.695
    1519    4.421
    1520    4.214
    1521    4.345
    1522    5.206
    1523    4.470
    1524    4.529
    1525    4.702
    1526    3.948
    1527    4.539
    1528    4.344
    1529    4.079
    1530    4.287
    1531    4.791
    1532    3.641
    1533    3.835
    1534    6.021
    1535    4.841
    1536    4.315
    1537    4.826
    1538    4.983
    1539    6.479
    1540    6.060
    1541    5.301
    1542    5.064
    1543    5.574
    1544    6.252
    1545    6.244
    1546    7.024
    1547    6.129
    1548    6.099
    1549    5.561
    1550    6.853
    1551    6.206
    1552    5.385
    1553    6.893
    1554    6.476
    1555    7.202
    1556    5.125
    1557    4.688
    1558    4.893
    1559    4.650
    1560    4.633
    1561    4.862
    1562    4.917
    1563    4.700
    1564    4.607
    1565    4.667
    1566    4.808
    1567    4.366
    1568    4.515
    1569    4.522
    1570    4.517
    1571    4.737
    1572    4.702
    1573    4.790
    1574    4.661
    1575    5.138
    1576    4.581
    1577    4.666
    1578    4.985
    1579    4.314
    1580    4.397
    1581    4.453
    1582    4.303
    1583    4.499
    1584    4.442
    1585    4.570
    1586    4.503
    1587    4.640
    1588    4.272
    1589    4.603
    1590    4.591
    1591    5.347
    1592    5.120
    1593    6.263
    1594    5.951
    1595    5.067
    1596    5.302
    1597    5.976
    1598    6.150
    1599    5.107
    1600    6.079
    1601    5.557
    1602    6.495
    1603    6.427
    1604    5.545
    1605    5.658
    1606    5.640
    1607    5.388
    1608    5.525
    1609    5.839
    1610    5.122
    1611    6.317
    1612    6.387
    1613    5.455
    1614    5.578
    1615    4.248
    1616    4.559
    1617    6.182
    1618    5.913
    1619    6.563
    1620    6.037
    1621    6.383
    1622    6.561
    1623    6.419
    1624    5.577
    1625    5.879
    1626    5.699
    1627    5.359
    1628    5.606
    1629    6.443
    1630    6.194
    1631    6.377
    1632    5.877
    1633    6.563
    1634    6.032
    1635    5.992
    1636    5.352
    1637    4.770
    1638    5.323
    1639    5.879
    1640    4.619
    1641    3.833
    1642    3.680
    1643    3.682
    1644    3.931
    1645    3.987
    1646    3.988
    1647    5.603
    1648    4.665
    1649    4.573
    1650    4.780
    1651    4.993
    1652    4.575
    1653    4.937
    1654    6.350
    1655    6.180
    1656    5.943
    1657    5.137
    1658    5.699
    1659    5.143
    1660    6.047
    1661    6.371
    1662    6.225
    1663    6.187
    1664    7.128
    1665    6.835
    1666    7.073
    1667    7.217
    1668    7.798
    1669    6.801
    1670    7.100
    1671    6.868
    1672    7.143
    1673    5.625
    1674    6.170
    1675    6.851
    1676    7.434
    1677    7.376
    1678    6.869
    1679    6.011
    1680    6.540
    1681    6.944
    1682    6.182
    1683    5.885
    1684    7.015
    1685    6.196
    1686    6.246
    1687    6.519
    1688    7.058
    1689    7.460
    1690    7.271
    1691    7.484
    1692    7.742
    1693    6.649
    1694    6.969
    1695    6.264
    1696    6.869
    1697    5.991
    1698    6.290
    1699    6.087
    1700    5.761
    1701    5.373
    1702    5.866
    1703    5.612
    1704    5.777
    1705    6.109
    1706    4.423
    1707    4.978
    1708    4.504
    1709    5.091
    1710    4.879
    1711    4.892
    1712    5.240
    1713    4.601
    1714    4.985
    1715    4.463
    1716    5.325
    1717    5.995
    1718    5.544
    1719    5.687
    1720    4.478
    1721    5.022
    1722    5.082
    1723    4.673
    1724    5.730
    1725    4.359
    1726    5.290
    1727    5.983
    1728    6.519
    1729    6.426
    1730    6.371
    1731    6.696
    1732    6.224
    1733    6.255
    1734    5.086
    1735    6.125
    1736    4.813
    1737    5.546
    1738    5.820
    1739    6.663
    1740    4.575
    1741    4.364
    1742    4.850
    1743    4.641
    1744    5.855
    1745    5.939
    1746    5.536
    1747    4.763
    1748    4.673
    1749    4.562
    1750    4.352
    1751    4.506
    1752    4.617
    1753    4.121
    1754    4.446
    1755    3.963
    1756    5.343
    1757    4.832
    1758    4.894
    1759    4.546
    1760    4.779
    1761    5.393
    1762    4.214
    1763    4.744
    1764    5.175
    1765    4.496
    1766    4.835
    1767    6.059
    1768    4.421
    1769    4.906
    1770    4.089
    1771    5.318
    1772    4.165
    1773    4.453
    1774    4.310
    1775    4.079
    1776    4.327
    1777    4.251
    1778    3.605
    1779    4.945
    1780    4.147
    1781    4.643
    1782    4.354
    1783    4.331
    1784    5.098
    1785    4.831
    1786    4.125
    1787    5.057
    1788    4.588
    1789    4.368
    1790    4.903
    1791    5.135
    1792    4.655
    1793    3.996
    1794    4.242
    1795    4.213
    1796    4.693
    1797    4.254
    1798    4.378
    1799    4.350
    1800    4.709
    1801    5.545
    1802    5.282
    1803    5.257
    1804    5.960
    1805    5.592
    1806    4.667
    1807    4.498
    1808    4.770
    1809    4.888
    1810    4.542
    1811    4.138
    1812    5.576
    1813    4.777
    1814    4.471
    1815    4.455
    1816    4.433
    1817    5.801
    1818    5.440
    1819    3.937
    1820    4.402
    1821    3.439
    1822    4.578
    1823    4.868
    1824    4.185
    1825    4.329
    1826    4.576
    1827    4.597
    1828    4.933
    1829    3.530
    1830    3.596
    1831    4.010
    1832    3.864
    1833    4.742
    1834    4.439
    1835    5.872
    1836    4.709
    1837    6.024
    1838    5.623
    1839    5.051
    1840    5.165
    1841    5.131
    1842    4.961
    1843    5.018
    1844    4.586
    1845    5.914
    1846    4.218
    1847    5.278
    1848    4.971
    1849    5.795
    1850    5.463
    1851    5.752
    1852    5.334
    1853    4.923
    1854    4.233
    1855    5.113
    1856    4.803
    1857    4.780
    1858    4.974
    1859    4.611
    1860    4.027
    1861    3.999
    1862    4.118
    1863    4.372
    1864    5.103
    1865    5.301
    1866    4.613
    1867    5.718
    1868    4.659
    1869    4.176
    1870    4.303
    1871    4.247
    1872    4.863
    1873    6.091
    1874    6.151
    1875    6.373
    1876    4.347
    1877    6.135
    1878    6.276
    1879    6.092
    1880    5.786
    1881    5.933
    1882    5.942
    1883    5.347
    1884    4.292
    1885    4.027
    1886    4.596
    1887    6.014
    1888    5.577
    1889    5.481
    1890    5.105
    1891    4.930
    1892    5.377
    1893    4.447
    1894    4.515
    1895    4.254
    1896    4.624
    1897    4.387
    1898    4.682
    1899    5.625
    1900    4.924
    1901    4.846
    1902    4.460
    1903    4.317
    1904    5.025
    1905    4.697
    1906    5.762
    1907    4.435
    1908    4.780
    1909    3.560
    1910    4.616
    1911    4.478
    1912    4.918
    1913    4.465
    1914    4.371
    1915    4.310
    1916    4.168
    1917    4.287
    1918    4.270
    1919    4.426
    1920    4.846
    1921    4.566
    1922    4.751
    1923    4.689
    1924    4.357
    1925    4.274
    1926    4.518
    1927    4.463
    1928    4.339
    1929    4.505
    1930    4.348
    1931    4.601
    1932    5.153
    1933    4.341
    1934    4.926
    1935    4.519
    1936    4.889
    1937    4.318
    1938    5.709
    1939    4.487
    1940    4.548
    1941    4.302
    1942    4.434
    1943    5.076
    1944    4.835
    1945    4.969
    1946    4.351
    1947    3.700
    1948    4.628
    1949    5.314
    1950    5.502
    1951    5.228
    1952    5.511
    1953    4.929
    1954    3.918
    1955    5.764
    1956    4.741
    1957    5.322
    1958    4.398
    1959    4.860
    1960    4.218
    1961    5.383
    1962    4.148
    1963    4.526
    1964    4.661
    1965    4.715
    1966    4.409
    1967    4.749
    1968    4.311
    1969    4.579
    1970    3.643
    1971    4.428
    1972    4.692
    1973    4.446
    1974    4.135
    1975    4.597
    1976    4.717
    1977    4.444
    1978    4.546
    1979    4.541
    1980    4.903
    1981    4.783
    1982    4.969
    1983    4.354
    1984    4.410
    1985    4.412
    1986    4.248
    1987    4.999
    1988    4.597
    1989    4.539
    1990    4.508
    1991    5.505
    1992    5.056
    1993    5.041
    1994    5.408
    1995    4.613
    1996    4.705
    1997    4.884
    1998    4.929
    1999    4.930
    2000    4.544
    2001    4.588
    2002    4.624
    2003    4.635
    2004    4.554
    2005    4.230
    2006    4.198
    2007    4.122
    2008    4.390
    2009    4.082
    2010    4.103
    2011    4.137
    2012    4.761
    2013    4.614
    2014    4.310
    2015    4.721
    2016    4.086
    2017    4.388
    2018    4.821
    2019    4.537
    2020    4.955
    2021    4.614
    2022    4.866
    2023    4.503
    2024    5.386
    2025    4.728
    2026    5.145
    2027    5.320
    2028    5.641
    2029    5.050
    2030    4.239
    2031    3.827
    2032    3.922
    2033    4.030
    2034    4.758
    2035    4.664
    2036    4.661
    2037    4.804
    2038    4.402
    2039    4.396
    2040    4.747
    2041    5.109
    2042    4.267
    2043    4.683
    2044    3.945
    2045    6.055
    2046    4.308
    2047    4.733
    2048    4.318
    2049    4.919
    2050    4.028
    2051    4.509
    2052    4.549
    2053    4.374
    2054    4.303
    2055    5.280
    2056    4.759
    2057    4.530
    2058    4.882
    2059    4.253
    2060    4.745
    2061    5.253
    2062    4.685
    2063    5.254
    2064    4.801
    2065    4.372
    2066    4.718
    2067    3.876
    2068    4.428
    2069    5.434
    2070    4.522
    2071    5.287
    2072    5.012
    2073    5.678
    2074    3.788
    2075    4.331
    2076    4.516
    2077    4.868
    2078    6.354
    2079    5.788
    2080    5.774
    2081    5.389
    2082    5.558
    2083    4.691
    2084    4.683
    2085    4.819
    2086    4.214
    2087    5.110
    2088    5.233
    2089    4.585
    2090    4.717
    2091    4.016
    2092    4.659
    2093    4.125
    2094    4.153
    2095    3.766
    2096    5.355
    2097    4.541
    2098    4.639
    2099    4.430
    2100    3.946
    2101    4.144
    2102    4.412
    2103    3.872
    2104    3.314
    2105    5.024
    2106    3.608
    2107    3.796
    2108    4.720
    2109    5.954
    2110    4.646
    2111    4.466
    2112    4.613
    2113    4.611
    2114    4.606
    2115    5.608
    2116    5.814
    2117    4.274
    2118    4.340
    2119    4.670
    2120    3.978
    2121    5.630
    2122    5.573
    2123    5.852
    2124    5.403
    2125    5.974
    2126    5.061
    2127    4.491
    2128    4.812
    2129    4.976
    2130    4.518
    2131    5.707
    2132    4.419
    2133    4.683
    2134    4.401
    2135    5.198
    2136    4.386
    2137    4.359
    2138    4.274
    2139    4.574
    2140    4.247
    2141    4.429
    2142    4.785
    2143    5.064
    2144    6.028
    2145    6.046
    2146    5.081
    2147    6.581
    2148    5.334
    2149    5.269
    2150    5.887
    2151    5.534
    2152    4.859
    2153    4.585
    2154    4.923
    2155    4.307
    2156    5.115
    2157    4.506
    2158    4.681
    2159    4.857
    2160    4.017
    2161    4.243
    2162    5.112
    2163    4.604
    2164    5.043
    2165    4.579
    2166    5.706
    2167    5.583
    2168    6.297
    2169    5.405
    2170    4.874
    2171    4.227
    2172    4.542
    2173    4.053
    2174    5.146
    2175    3.842
    2176    4.966
    2177    5.665
    2178    4.764
    2179    4.210
    2180    3.737
    2181    4.298
    2182    4.070
    2183    4.928
    2184    4.863
    2185    4.448
    2186    4.942
    2187    5.056
    2188    4.646
    2189    4.419
    2190    4.472
    2191    4.031
    2192    4.501
    2193    4.525
    2194    4.655
    2195    4.523
    2196    4.739
    2197    4.827
    2198    4.151
    2199    4.625
    2200    4.602
    2201    4.918
    2202    4.072
    2203    4.149
    2204    3.557
    2205    4.407
    2206    4.439
    2207    4.185
    2208    4.725
    2209    4.657
    2210    4.939
    2211    4.788
    2212    6.531
    2213    5.775
    2214    5.646
    2215    4.647
    2216    5.441
    2217    4.869
    2218    4.728
    2219    5.033
    2220    4.255
    2221    5.742
    2222    5.190
    2223    5.987
    2224    6.997
    2225    6.096
    2226    6.716
    2227    7.178
    2228    6.008
    2229    5.960
    2230    5.328
    2231    5.708
    2232    5.570
    2233    4.951
    2234    5.480
    2235    5.254
    2236    6.473
    2237    5.533
    2238    6.825
    2239    6.127
    2240    6.638
    2241    6.295
    2242    6.687
    2243    6.157
    2244    6.267
    2245    6.585
    2246    6.214
    2247    7.551
    2248    6.797
    2249    6.255
    2250    6.380
    2251    6.173
    2252    6.442
    2253    5.938
    2254    5.446
    2255    5.250
    2256    5.930
    2257    4.324
    2258    3.818
    2259    4.458
    2260    4.069
    2261    4.471
    2262    4.712
    2263    4.574
    2264    4.316
    2265    4.254
    2266    3.962
    2267    3.923
    2268    4.293
    2269    4.614
    2270    3.660
    2271    4.187
    2272    3.751
    2273    3.621
    2274    3.473
    2275    4.344
    2276    4.361
    2277    4.398
    2278    4.470
    2279    4.678
    2280    4.453
    2281    3.715
    2282    4.131
    2283    4.195
    2284    4.286
    2285    4.529
    2286    5.077
    2287    4.333
    2288    4.075
    2289    4.406
    2290    4.657
    2291    4.925
    2292    4.078
    2293    5.004
    2294    4.659
    2295    5.530
    2296    5.783
    2297    7.487
    2298    6.645
    2299    6.352
    2300    4.978
    2301    5.623
    2302    4.600
    2303    4.592
    2304    4.817
    2305    5.169
    2306    4.403
    2307    4.980
    2308    3.773
    2309    3.547
    2310    4.217
    2311    4.281
    2312    3.465
    2313    3.687
    2314    3.466
    2315    4.251
    2316    4.965
    2317    5.132
    2318    4.354
    2319    5.371
    2320    4.465
    2321    4.894
    2322    4.847
    2323    4.267
    2324    4.424
    2325    4.004
    2326    4.842
    2327    4.347
    2328    4.980
    2329    5.498
    2330    4.751
    2331    4.753
    2332    4.321
    2333    4.434
    2334    4.286
    2335    4.244
    2336    4.724
    2337    5.230
    2338    5.804
    2339    6.165
    2340    4.849
    2341    6.101
    2342    4.140
    2343    4.639
    2344    4.303
    2345    5.290
    2346    5.001
    2347    5.594
    2348    5.431
    2349    4.175
    2350    4.136
    2351    4.472
    2352    3.846
    2353    5.254
    2354    5.888
    2355    5.248
    2356    5.002
    2357    4.407
    2358    4.337
    2359    4.632
    2360    4.066
    2361    4.083
    2362    5.304
    2363    5.021
    2364    4.399
    2365    4.173
    2366    4.320
    2367    4.373
    2368    4.267
    2369    4.113
    2370    4.385
    2371    4.989
    2372    4.856
    2373    6.713
    2374    5.388
    2375    5.681
    2376    4.334
    2377    4.531
    2378    4.550
    2379    5.097
    2380    4.458
    2381    5.904
    2382    5.979
    2383    6.462
    2384    6.226
    2385    4.560
    2386    4.143
    2387    4.734
    2388    6.050
    2389    6.259
    2390    4.548
    2391    4.411
    2392    4.947
    2393    4.368
    2394    5.381
    2395    4.500
    2396    4.558
    2397    5.309
    2398    5.489
    2399    4.831
    2400    4.029
    2401    4.099
    2402    4.617
    2403    4.123
    2404    4.355
    2405    4.495
    2406    4.783
    2407    4.776
    2408    4.726
    2409    5.246
    2410    5.959
    2411    6.372
    2412    6.096
    2413    5.208
    2414    4.068
    2415    4.565
    2416    4.296
    2417    4.897
    2418    6.346
    2419    5.830
    2420    6.487
    2421    5.847
    2422    6.410
    2423    4.843
    2424    5.891
    2425    6.288
    2426    6.956
    2427    6.717
    2428    6.931
    2429    6.323
    2430    5.171
    2431    5.993
    2432    4.900
    2433    4.916
    2434    5.185
    2435    4.741
    2436    5.142
    2437    4.980
    2438    4.777
    2439    5.626
    2440    6.136
    2441    5.834
    2442    5.127
    2443    5.910
    2444    4.484
    2445    4.952
    2446    6.581
    2447    5.971
    2448    6.235
    2449    5.790
    2450    5.889
    2451    4.673
    2452    4.237
    2453    5.709
    2454    4.337
    2455    6.502
    2456    5.441
    2457    5.156
    2458    5.024
    2459    4.998
    2460    5.430
    2461    5.977
    2462    5.866
    2463    5.132
    2464    4.478
    2465    4.448
    2466    5.152
    2467    5.359
    2468    4.175
    2469    4.078
    2470    4.344
    2471    4.918
    2472    5.347
    2473    4.222
    2474    4.033
    2475    4.351
    2476    4.170
    2477    4.673
    2478    5.069
    2479    4.552
    2480    4.356
    2481    3.977
    2482    4.422
    2483    4.471
    2484    4.182
    2485    4.208
    2486    4.787
    2487    3.849
    2488    5.090
    2489    6.161
    2490    6.231
    2491    5.136
    2492    4.932
    2493    5.142
    2494    5.853
    2495    5.532
    2496    6.599
    2497    5.598
    2498    4.638
    2499    4.011
    2500    4.196
    2501    4.456
    2502    4.635
    2503    4.387
    2504    4.215
    2505    4.406
    2506    4.849
    2507    4.514
    2508    6.549
    2509    4.701
    2510    4.595
    2511    4.408
    2512    4.862
    2513    4.453
    2514    5.685
    2515    6.408
    2516    6.204
    2517    6.356
    2518    5.484
    2519    5.471
    2520    5.785
    2521    6.013
    2522    5.403
    2523    6.456
    2524    7.935
    2525    6.749
    2526    7.119
    2527    6.090
    2528    7.370
    2529    5.939
    2530    6.988
    2531    7.200
    2532    6.872
    2533    6.646
    2534    6.431
    2535    6.057
    2536    5.073
    2537    5.027
    2538    5.518
    2539    5.481
    2540    5.232
    2541    5.413
    2542    4.957
    2543    5.734
    2544    5.631
    2545    6.403
    2546    4.884
    2547    4.337
    2548    4.827
    2549    5.121
    2550    4.506
    2551    6.045
    2552    5.479
    2553    6.198
    2554    5.498
    2555    3.784
    2556    5.534
    2557    5.139
    2558    6.132
    2559    5.985
    2560    4.377
    2561    5.048
    2562    3.960
    2563    5.131
    2564    4.357
    2565    3.515
    2566    4.497
    2567    4.891
    2568    5.320
    2569    5.648
    2570    4.712
    2571    6.064
    2572    6.191
    2573    6.196
    2574    5.738
    2575    4.260
    2576    5.061
    2577    4.903
    2578    5.482
    2579    5.657
    2580    5.199
    2581    5.236
    2582    6.888
    2583    6.644
    2584    4.301
    2585    4.612
    2586    4.997
    2587    3.983
    2588    4.699
    2589    4.621
    2590    4.930
    2591    5.860
    2592    6.256
    2593    5.414
    2594    5.173
    2595    4.384
    2596    4.476
    2597    4.363
    2598    6.108
    2599    5.826
    2600    6.583
    2601    5.560
    2602    6.726
    2603    6.170
    2604    5.917
    2605    6.330
    2606    6.278
    2607    6.482
    2608    5.795
    2609    5.539
    2610    5.380
    2611    5.939
    2612    5.867
    2613    6.258
    2614    6.398
    2615    5.800
    2616    6.234
    2617    6.463
    2618    5.825
    2619    7.044
    2620    7.110
    2621    6.520
    2622    6.673
    2623    6.500
    2624    7.275
    2625    6.425
    2626    6.821
    2627    6.373
    2628    5.986
    2629    6.099
    2630    6.621
    2631    6.610
    2632    5.586
    2633    5.833
    2634    6.070
    2635    5.863
    2636    5.503
    2637    6.789
    2638    6.475
    2639    6.761
    2640    6.998
    2641    6.695
    2642    5.502
    2643    5.687
    2644    5.376
    2645    5.347
    2646    6.340
    2647    6.476
    2648    5.904
    2649    5.762
    2650    5.669
    2651    5.898
    2652    5.547
    2653    5.258
    2654    5.805
    2655    6.636
    2656    5.702
    2657    5.003
    2658    5.394
    2659    5.985
    2660    5.771
    2661    5.078
    2662    5.712
    2663    6.415
    2664    6.037
    2665    6.078
    2666    6.286
    2667    6.413
    2668    5.928
    2669    5.601
    2670    5.847
    2671    5.889
    2672    6.367
    2673    6.206
    2674    5.671
    2675    6.169
    2676    5.938
    2677    6.722
    2678    5.329
    2679    5.756
    2680    5.731
    2681    5.905
    2682    5.793
    2683    5.272
    2684    5.456
    2685    5.631
    2686    6.007
    2687    5.654
    2688    5.286
    2689    6.255
    2690    6.278
    2691    5.730
    2692    5.751
    2693    5.954
    2694    5.210
    2695    5.316
    2696    5.383
    2697    5.115
    2698    5.826
    2699    5.616
    2700    4.951
    2701    5.370
    2702    5.515
    2703    5.589
    2704    5.999
    2705    5.329
    2706    4.886
    2707    5.637
    2708    6.285
    2709    5.872
    2710    4.733
    2711    5.256
    2712    5.269
    2713    5.291
    2714    5.601
    2715    5.697
    2716    5.863
    2717    5.701
    2718    5.338
    2719    5.305
    2720    5.569
    2721    6.348
    2722    5.131
    2723    5.849
    2724    5.786
    2725    5.433
    2726    4.793
    2727    4.175
    2728    4.923
    2729    4.187
    2730    3.960
    2731    5.175
    2732    4.356
    2733    5.243
    2734    4.997
    2735    5.443
    2736    5.426
    2737    4.861
    2738    4.882
    2739    5.285
    2740    4.697
    2741    4.260
    2742    4.360
    2743    4.565
    2744    4.311
    2745    4.735
    2746    4.564
    2747    4.506
    2748    3.998
    2749    4.154
    2750    4.424
    2751    4.214
    2752    3.603
    2753    4.339
    2754    3.656
    2755    3.916
    2756    4.066
    2757    4.232
    2758    4.270
    2759    3.665
    2760    4.467
    2761    4.148
    2762    4.192
    2763    4.014
    2764    3.706
    2765    3.844
    2766    4.108
    2767    4.168
    2768    4.012
    2769    3.715
    2770    4.409
    2771    5.341
    2772    5.511
    2773    4.896
    2774    3.547
    2775    5.246
    2776    4.361
    2777    4.179
    2778    4.860
    2779    4.324
    2780    3.967
    2781    3.918
    2782    4.210
    2783    4.024
    2784    4.162
    2785    4.464
    2786    3.921
    2787    3.937
    2788    4.279
    2789    4.368
    2790    4.299
    2791    5.545
    2792    6.443
    2793    6.817
    2794    6.256
    2795    6.291
    2796    6.938
    2797    7.281
    2798    6.866
    2799    7.302
    2800    7.909
    2801    7.625
    2802    7.032
    2803    6.839
    2804    6.893
    2805    6.788
    2806    6.973
    2807    6.851
    2808    7.866
    2809    7.327
    2810    6.672
    2811    5.660
    2812    7.044
    2813    5.875
    2814    7.518
    2815    6.726
    2816    6.913
    2817    7.127
    2818    7.788
    2819    7.470
    2820    6.672
    2821    6.322
    2822    5.753
    2823    6.180
    2824    5.900
    2825    5.932
    2826    6.010
    2827    5.015
    2828    4.606
    2829    5.862
    2830    6.790
    2831    6.156
    2832    6.679
    2833    6.326
    2834    5.879
    2835    6.285
    2836    6.759
    2837    6.676
    2838    6.397
    2839    6.096
    2840    5.772
    2841    5.407
    2842    4.980
    2843    5.974
    2844    6.340
    2845    7.030
    2846    6.174
    2847    4.356
    2848    4.359
    2849    4.215
    2850    4.613
    2851    4.193
    2852    3.584
    2853    4.446
    2854    4.987
    2855    4.511
    2856    6.071
    2857    4.419
    2858    4.724
    2859    4.449
    2860    4.138
    2861    4.892
    2862    5.038
    2863    4.488
    2864    4.535
    2865    4.330
    2866    4.459
    2867    4.532
    2868    3.647
    2869    5.660
    2870    4.523
    2871    4.027
    2872    6.031
    2873    5.027
    2874    4.360
    2875    4.411
    2876    4.150
    2877    3.931
    2878    4.113
    2879    4.304
    2880    3.797
    2881    3.701
    2882    3.790
    2883    4.019
    2884    3.769
    2885    4.260
    2886    3.756
    2887    3.689
    2888    4.410
    2889    4.227
    2890    4.247
    2891    3.806
    2892    3.701
    2893    3.755
    2894    3.693
    2895    4.289
    2896    4.374
    2897    4.270
    2898    3.656
    2899    3.583
    2900    3.942
    2901    3.837
    2902    3.928
    2903    3.346
    2904    4.074
    2905    3.936
    2906    4.022
    2907    3.797
    2908    3.869
    2909    3.810
    2910    3.760
    2911    3.935
    2912    4.225
    2913    4.418
    2914    4.986
    2915    4.395
    2916    4.166
    2917    4.465
    2918    4.919
    2919    3.964
    2920    3.436
    2921    4.328
    2922    4.217
    2923    4.664
    2924    4.476
    2925    4.529
    2926    4.697
    2927    4.663
    2928    4.131
    2929    3.879
    2930    4.024
    2931    3.498
    2932    6.277
    2933    5.490
    2934    5.571
    2935    4.398
    2936    4.391
    2937    4.725
    2938    4.320
    2939    3.937
    2940    5.474
    2941    5.017
    2942    4.522
    2943    4.532
    2944    4.712
    2945    5.237
    2946    5.518
    2947    5.378
    2948    4.742
    2949    5.777
    2950    5.412
    2951    6.219
    2952    5.019
    2953    5.185
    2954    4.640
    2955    4.693
    2956    4.323
    2957    6.308
    2958    5.494
    2959    4.681
    2960    4.327
    2961    4.872
    2962    4.417
    2963    4.958
    2964    4.355
    2965    4.933
    2966    4.737
    2967    4.919
    2968    5.288
    2969    4.345
    2970    5.278
    2971    4.871
    2972    4.728
    2973    4.986
    2974    5.620
    2975    6.244
    2976    6.536
    2977    6.724
    2978    4.668
    2979    5.753
    2980    6.010
    2981    5.430
    2982    4.796
    2983    5.694
    2984    4.931
    2985    5.496
    2986    4.789
    2987    4.805
    2988    4.947
    2989    4.556
    2990    4.370
    2991    5.835
    2992    5.047
    2993    4.704
    2994    4.542
    2995    5.824
    2996    5.504
    2997    5.143
    2998    5.221
    2999    6.385
    3000    6.875
    3001    4.789
    3002    5.137
    3003    4.654
    3004    4.425
    3005    4.739
    3006    3.931
    3007    4.302
    3008    5.256
    3009    4.184
    3010    4.609
    3011    4.631
    3012    4.560
    3013    5.758
    3014    4.551
    3015    5.193
    3016    4.970
    3017    4.083
    3018    4.816
    3019    4.711
    3020    4.334
    3021    3.624
    3022    4.437
    3023    4.557
    3024    3.841
    3025    4.356
    3026    5.069
    3027    4.695
    3028    4.542
    3029    5.245
    3030    5.171
    3031    5.032
    3032    5.358
    3033    4.754
    3034    5.012
    3035    3.635
    3036    4.534
    3037    4.222
    3038    3.878
    3039    4.554
    3040    5.032
    3041    4.690
    3042    3.796
    3043    4.898
    3044    4.565
    3045    4.417
    3046    4.600
    3047    5.188
    3048    4.213
    3049    4.641
    3050    4.830
    3051    4.502
    3052    4.970
    3053    5.812
    3054    5.357
    3055    5.918
    3056    5.521
    3057    4.581
    3058    4.169
    3059    6.205
    3060    4.863
    3061    4.078
    3062    4.979
    3063    4.658
    3064    4.105
    3065    4.869
    3066    4.882
    3067    5.326
    3068    5.493
    3069    4.187
    3070    4.364
    3071    4.266
    3072    5.439
    3073    4.335
    3074    6.211
    3075    6.502
    3076    7.131
    3077    6.662
    3078    5.773
    3079    5.816
    3080    4.219
    3081    5.268
    3082    4.527
    3083    4.563
    3084    4.449
    3085    4.686
    3086    4.585
    3087    5.132
    3088    4.248
    3089    4.411
    3090    4.568
    3091    4.305
    3092    4.105
    3093    4.539
    3094    4.691
    3095    4.521
    3096    4.237
    3097    4.795
    3098    4.864
    3099    4.636
    3100    5.634
    3101    4.890
    3102    6.309
    3103    5.667
    3104    5.862
    3105    4.944
    3106    4.356
    3107    4.321
    3108    5.000
    3109    4.635
    3110    4.770
    3111    5.058
    3112    4.333
    3113    4.483
    3114    6.316
    3115    5.542
    3116    5.010
    3117    5.061
    3118    4.142
    3119    5.185
    3120    4.983
    3121    4.390
    3122    5.193
    3123    6.343
    3124    5.040
    3125    5.308
    3126    5.341
    3127    5.360
    3128    4.710
    3129    5.443
    3130    4.459
    3131    4.226
    3132    4.636
    3133    5.038
    3134    6.207
    3135    5.933
    3136    5.996
    3137    5.248
    3138    6.214
    3139    4.561
    3140    6.016
    3141    4.955
    3142    4.884
    3143    3.775
    3144    5.074
    3145    4.722
    3146    6.093
    3147    4.475
    3148    5.440
    3149    5.737
    3150    6.433
    3151    4.908
    3152    4.399
    3153    5.447
    3154    5.281
    3155    5.649
    3156    6.049
    3157    5.753
    3158    6.157
    3159    5.190
    3160    4.770
    3161    5.576
    3162    4.950
    3163    6.159
    3164    5.499
    3165    4.942
    3166    4.500
    3167    6.411
    3168    5.268
    3169    4.482
    3170    5.096
    3171    5.233
    3172    6.628
    3173    5.581
    3174    5.342
    3175    4.808
    3176    6.329
    3177    4.925
    3178    5.556
    3179    5.374
    3180    5.014
    3181    6.002
    3182    6.039
    3183    5.530
    3184    6.231
    3185    4.901
    3186    5.040
    3187    4.657
    3188    4.483
    3189    3.831
    3190    4.727
    3191    4.271
    3192    4.751
    3193    4.357
    3194    4.514
    3195    4.284
    3196    5.000
    3197    4.345
    3198    4.319
    3199    4.493
    3200    4.497
    3201    4.206
    3202    4.830
    3203    5.610
    3204    4.652
    3205    5.172
    3206    5.652
    3207    5.045
    3208    4.416
    3209    5.089
    3210    5.983
    3211    6.071
    3212    6.225
    3213    6.659
    3214    5.083
    3215    5.309
    3216    4.320
    3217    4.073
    3218    4.284
    3219    4.563
    3220    4.764
    3221    5.621
    3222    5.062
    3223    4.271
    3224    4.779
    3225    4.389
    3226    5.290
    3227    3.733
    3228    4.522
    3229    5.821
    3230    4.425
    3231    4.432
    3232    4.953
    3233    4.316
    3234    4.484
    3235    4.222
    3236    4.191
    3237    4.431
    3238    6.570
    3239    6.353
    3240    6.388
    3241    6.131
    3242    5.657
    3243    6.301
    3244    6.280
    3245    6.512
    3246    6.841
    3247    6.485
    3248    5.763
    3249    6.143
    3250    5.883
    3251    6.027
    3252    5.838
    3253    6.829
    3254    5.678
    3255    5.852
    3256    5.890
    3257    5.925
    3258    6.814
    3259    7.003
    3260    5.431
    3261    6.450
    3262    6.660
    3263    7.456
    3264    6.617
    3265    7.636
    3266    6.266
    3267    6.633
    3268    6.573
    3269    6.807
    3270    6.402
    3271    5.356
    3272    5.614
    3273    6.364
    3274    4.985
    3275    6.067
    3276    5.870
    3277    6.099
    3278    6.547
    3279    6.282
    3280    5.955
    3281    5.875
    3282    5.375
    3283    5.086
    3284    5.692
    3285    6.570
    3286    5.601
    3287    6.363
    3288    7.044
    3289    6.616
    3290    6.440
    3291    5.943
    3292    5.621
    3293    6.134
    3294    6.286
    3295    6.967
    3296    6.789
    3297    5.659
    3298    6.977
    3299    6.885
    3300    6.370
    3301    6.406
    3302    4.968
    3303    4.111
    3304    5.467
    3305    5.411
    3306    5.279
    3307    5.473
    3308    5.868
    3309    6.026
    3310    5.724
    3311    6.822
    3312    6.288
    3313    6.011
    3314    5.923
    3315    5.734
    3316    6.207
    3317    5.291
    3318    5.250
    3319    6.068
    3320    6.314
    3321    6.982
    3322    6.230
    3323    6.512
    3324    6.265
    3325    6.722
    3326    6.136
    3327    6.003
    3328    5.410
    3329    4.344
    3330    4.823
    3331    4.358
    3332    4.769
    3333    4.484
    3334    4.962
    3335    4.675
    3336    4.244
    3337    4.511
    3338    4.920
    3339    4.729
    3340    4.701
    3341    4.412
    3342    4.820
    3343    4.815
    3344    4.601
    3345    4.292
    3346    4.120
    3347    4.244
    3348    4.441
    3349    4.470
    3350    4.894
    3351    4.420
    3352    4.533
    3353    4.341
    3354    4.671
    3355    4.357
    3356    4.631
    3357    4.599
    3358    4.604
    3359    4.836
    3360    4.453
    3361    4.866
    3362    5.305
    3363    4.554
    3364    4.919
    3365    4.394
    3366    4.750
    3367    4.310
    3368    4.706
    3369    4.233
    3370    4.139
    3371    4.681
    3372    4.257
    3373    4.432
    3374    4.295
    3375    4.241
    3376    4.611
    3377    4.327
    3378    4.203
    3379    3.954
    3380    3.763
    3381    4.052
    3382    4.294
    3383    4.081
    3384    4.650
    3385    4.517
    3386    4.684
    3387    4.270
    3388    5.264
    3389    5.331
    3390    4.330
    3391    4.351
    3392    4.900
    3393    5.312
    3394    4.731
    3395    4.230
    3396    5.363
    3397    4.968
    3398    4.811
    3399    4.538
    3400    5.940
    3401    5.738
    3402    6.611
    3403    5.574
    3404    5.780
    3405    6.497
    3406    5.973
    3407    6.038
    3408    4.977
    3409    5.150
    3410    4.744
    3411    5.028
    3412    4.745
    3413    4.662
    3414    4.412
    3415    4.738
    3416    4.805
    3417    6.306
    3418    5.918
    3419    7.088
    3420    6.770
    3421    6.939
    3422    6.877
    3423    6.758
    3424    5.922
    3425    7.195
    3426    6.622
    3427    6.587
    3428    6.846
    3429    7.349
    3430    6.001
    3431    5.415
    3432    5.929
    3433    6.204
    3434    5.664
    3435    5.415
    3436    6.096
    3437    5.740
    3438    6.984
    3439    7.455
    3440    7.246
    3441    6.246
    3442    5.996
    3443    6.443
    3444    5.950
    3445    5.979
    3446    6.525
    3447    5.652
    3448    6.277
    3449    5.758
    3450    5.604
    3451    6.189
    3452    6.891
    3453    6.790
    3454    5.264
    3455    4.379
    3456    4.413
    3457    5.747
    3458    4.439
    3459    4.741
    3460    4.254
    3461    4.169
    3462    4.480
    3463    4.802
    3464    4.782
    3465    5.052
    3466    4.602
    3467    4.304
    3468    4.251
    3469    4.502
    3470    4.706
    3471    4.374
    3472    4.657
    3473    5.001
    3474    5.452
    3475    4.671
    3476    5.926
    3477    5.247
    3478    4.560
    3479    5.641
    3480    4.567
    3481    5.655
    3482    4.543
    3483    4.643
    3484    3.891
    3485    4.344
    3486    4.375
    3487    4.520
    3488    6.136
    3489    4.371
    3490    4.874
    3491    4.301
    3492    3.712
    3493    4.516
    3494    4.368
    3495    4.583
    3496    4.697
    3497    4.430
    3498    5.716
    3499    5.397
    3500    4.623
    3501    6.095
    3502    5.744
    3503    6.599
    3504    6.173
    3505    6.278
    3506    6.200
    3507    5.858
    3508    6.309
    3509    6.020
    3510    6.168
    3511    5.650
    3512    5.326
    3513    5.433
    3514    5.192
    3515    4.605
    3516    5.863
    3517    6.152
    3518    5.813
    3519    5.992
    3520    5.518
    3521    5.704
    3522    6.459
    3523    5.838
    3524    6.321
    3525    6.435
    3526    6.133
    3527    5.933
    3528    5.383
    3529    6.820
    3530    6.870
    3531    6.599
    3532    6.516
    3533    7.137
    3534    6.827
    3535    6.456
    3536    6.203
    3537    7.015
    3538    6.470
    3539    5.727
    3540    6.275
    3541    5.885
    3542    5.960
    3543    5.455
    3544    5.268
    3545    4.958
    3546    5.126
    3547    5.154
    3548    6.019
    3549    7.320
    3550    5.891
    3551    7.356
    3552    7.419
    3553    6.560
    3554    6.081
    3555    6.040
    3556    5.991
    3557    5.940
    3558    5.838
    3559    5.849
    3560    5.136
    3561    5.943
    3562    5.584
    3563    6.422
    3564    6.038
    3565    6.153
    3566    6.293
    3567    6.477
    3568    6.710
    3569    6.351
    3570    6.231
    3571    5.652
    3572    4.500
    3573    4.592
    3574    4.504
    3575    4.543
    3576    4.358
    3577    4.399
    3578    4.436
    3579    4.255
    3580    4.236
    3581    4.260
    3582    4.362
    3583    4.258
    3584    4.892
    3585    4.491
    3586    4.752
    3587    4.484
    3588    6.336
    3589    5.827
    3590    6.080
    3591    6.325
    3592    6.054
    3593    6.040
    3594    5.700
    3595    5.280
    3596    5.482
    3597    4.489
    3598    4.705
    3599    5.984
    3600    5.785
    3601    6.795
    3602    6.452
    3603    5.223
    3604    4.353
    3605    4.976
    3606    5.441
    3607    5.864
    3608    5.596
    3609    5.979
    3610    6.416
    3611    5.756
    3612    7.066
    3613    6.299
    3614    6.787
    3615    6.588
    3616    6.158
    3617    6.830
    3618    5.930
    3619    4.171
    3620    3.936
    3621    4.157
    3622    3.888
    3623    3.604
    3624    4.054
    3625    5.055
    3626    3.914
    3627    4.382
    3628    4.325
    3629    4.720
    3630    4.212
    3631    4.523
    3632    4.711
    3633    5.416
    3634    4.789
    3635    4.568
    3636    5.218
    3637    4.917
    3638    4.488
    3639    5.098
    3640    4.552
    3641    4.261
    3642    4.876
    3643    4.875
    3644    4.498
    3645    4.611
    3646    4.774
    3647    4.946
    3648    4.648
    3649    4.571
    3650    4.499
    3651    4.495
    3652    4.467
    3653    3.609
    3654    4.175
    3655    4.503
    3656    4.363
    3657    4.431
    3658    5.361
    3659    5.743
    3660    5.502
    3661    5.211
    3662    4.896
    3663    3.931
    3664    4.544
    3665    4.809
    3666    4.441
    3667    4.474
    3668    4.334
    3669    4.170
    3670    5.560
    3671    4.392
    3672    4.108
    3673    4.638
    3674    5.296
    3675    4.377
    3676    4.031
    3677    3.777
    3678    4.530
    3679    4.214
    3680    4.772
    3681    4.547
    3682    3.954
    3683    4.401
    3684    5.483
    3685    5.291
    3686    6.267
    3687    4.803
    3688    4.750
    3689    4.948
    3690    5.236
    3691    4.165
    3692    4.034
    3693    4.457
    3694    4.323
    3695    4.452
    3696    4.460
    3697    3.777
    3698    5.723
    3699    4.724
    3700    4.239
    3701    4.706
    3702    4.978
    3703    5.659
    3704    3.700
    3705    4.478
    3706    4.800
    3707    5.695
    3708    4.083
    3709    3.783
    3710    4.577
    3711    5.047
    3712    5.965
    3713    4.600
    3714    4.681
    3715    4.341
    3716    3.701
    3717    4.420
    3718    4.123
    3719    4.628
    3720    3.952
    3721    4.204
    3722    4.290
    3723    4.219
    3724    3.981
    3725    3.927
    3726    4.118
    3727    3.740
    3728    4.084
    3729    4.286
    3730    4.055
    3731    4.298
    3732    5.386
    3733    5.802
    3734    4.662
    3735    5.232
    3736    4.631
    3737    4.000
    3738    5.310
    3739    6.419
    3740    5.893
    3741    5.656
    3742    4.527
    3743    4.866
    3744    3.966
    3745    4.069
    3746    4.245
    3747    4.757
    3748    4.457
    3749    5.400
    3750    5.699
    3751    5.749
    3752    5.914
    3753    5.236
    3754    6.077
    3755    4.987
    3756    4.405
    3757    5.248
    3758    4.313
    3759    6.041
    3760    6.514
    3761    6.959
    3762    6.225
    3763    6.083
    3764    6.548
    3765    5.924
    3766    5.634
    3767    5.968
    3768    6.674
    3769    7.114
    3770    6.137
    3771    6.537
    3772    7.081
    3773    5.879
    3774    6.549
    3775    6.352
    3776    6.521
    3777    6.561
    3778    6.319
    3779    5.644
    3780    5.620
    3781    5.012
    3782    5.605
    3783    6.286
    3784    5.967
    3785    6.217
    3786    7.347
    3787    5.923
    3788    5.504
    3789    6.274
    3790    5.734
    3791    6.015
    3792    5.553
    3793    6.135
    3794    6.688
    3795    6.441
    3796    5.501
    3797    5.903
    3798    6.470
    3799    5.972
    3800    4.983
    3801    4.707
    3802    4.195
    3803    5.729
    3804    5.425
    3805    5.692
    3806    5.671
    3807    5.418
    3808    6.132
    3809    6.420
    3810    6.124
    3811    6.575
    3812    6.138
    3813    6.491
    3814    5.225
    3815    5.065
    3816    5.526
    3817    5.877
    3818    5.932
    3819    5.366
    3820    6.652
    3821    6.720
    3822    5.840
    3823    6.112
    3824    5.762
    3825    6.182
    3826    6.097
    3827    5.177
    3828    5.608
    3829    5.870
    3830    6.209
    3831    6.244
    3832    6.008
    3833    6.500
    3834    5.240
    3835    6.316
    3836    6.374
    3837    5.392
    3838    6.833
    3839    6.624
    3840    7.012
    3841    6.088
    3842    6.425
    3843    5.597
    3844    6.225
    3845    6.054
    3846    5.756
    3847    4.486
    3848    6.169
    3849    5.111
    3850    4.995
    3851    5.159
    3852    5.307
    3853    4.481
    3854    4.743
    3855    4.972
    3856    4.320
    3857    5.187
    3858    6.222
    3859    4.654
    3860    6.063
    3861    5.200
    3862    5.648
    3863    5.246
    3864    5.226
    3865    5.279
    3866    5.393
    3867    7.481
    3868    6.826
    3869    6.713
    3870    7.058
    3871    7.850
    3872    6.380
    3873    5.953
    3874    5.147
    3875    4.490
    3876    4.024
    3877    4.247
    3878    3.818
    3879    5.169
    3880    5.442
    3881    4.073
    3882    4.881
    3883    4.698
    3884    4.636
    3885    5.308
    3886    4.120
    3887    4.115
    3888    4.123
    3889    5.303
    3890    4.939
    3891    4.796
    3892    4.173
    3893    4.517
    3894    4.012
    3895    4.689
    3896    4.779
    3897    5.446
    3898    4.712
    3899    6.277
    3900    5.763
    3901    6.029
    3902    5.245
    3903    4.632
    3904    3.883
    3905    4.443
    3906    5.102
    3907    4.122
    3908    4.887
    3909    5.135
    3910    4.448
    3911    4.976
    3912    4.260
    3913    5.255
    3914    5.285
    3915    4.680
    3916    4.916
    3917    4.632
    3918    4.666
    3919    4.564
    3920    5.103
    3921    5.293
    3922    4.875
    3923    5.493
    3924    4.855
    3925    5.843
    3926    5.999
    3927    6.040
    3928    4.695
    3929    5.132
    3930    5.197
    3931    5.026
    3932    5.489
    3933    4.314
    3934    5.215
    3935    4.761
    3936    4.277
    3937    3.416
    3938    4.503
    3939    4.756
    3940    7.614
    3941    7.356
    3942    6.959
    3943    5.679
    3944    6.341
    3945    7.418
    3946    5.496
    3947    6.439
    3948    7.481
    3949    6.913
    3950    6.408
    3951    5.179
    3952    5.310
    3953    6.753
    3954    6.613
    3955    5.991
    3956    6.397
    3957    7.159
    3958    5.744
    3959    6.370
    3960    6.097
    3961    6.962
    3962    6.298
    3963    6.639
    3964    6.168
    3965    6.065
    3966    5.553
    3967    6.236
    3968    6.160
    3969    5.996
    3970    5.326
    3971    6.328
    3972    6.647
    3973    7.398
    3974    6.434
    3975    6.760
    3976    7.054
    3977    7.188
    3978    6.578
    3979    5.709
    3980    7.761
    3981    7.320
    3982    6.355
    3983    6.605
    3984    6.869
    3985    6.508
    3986    4.836
    3987    4.874
    3988    6.599
    3989    5.943
    3990    7.034
    3991    6.940
    3992    6.123
    3993    5.470
    3994    5.752
    3995    5.253
    3996    7.306
    3997    5.732
    3998    5.921
    3999    6.228
    4000    5.586
    4001    5.756
    4002    6.323
    4003    3.852
    4004    4.591
    4005    3.964
    4006    4.878
    4007    4.780
    4008    5.325
    4009    4.021
    4010    4.635
    4011    4.515
    4012    4.435
    4013    4.488
    4014    4.873
    4015    4.023
    4016    4.626
    4017    4.760
    4018    6.113
    4019    5.886
    4020    6.392
    4021    6.172
    4022    5.628
    4023    5.629
    4024    5.857
    4025    6.513
    4026    7.296
    4027    4.456
    4028    5.397
    4029    4.710
    4030    5.772
    4031    5.312
    4032    5.719
    4033    4.300
    4034    5.258
    4035    6.465
    4036    6.425
    4037    7.051
    4038    7.232
    4039    6.580
    4040    6.985
    4041    4.985
    4042    5.822
    4043    4.468
    4044    4.955
    4045    5.202
    4046    5.323
    4047    4.401
    4048    4.611
    4049    4.313
    4050    3.599
    4051    4.705
    4052    3.952
    4053    3.741
    4054    4.108
    4055    5.716
    4056    6.390
    4057    5.900
    4058    5.645
    4059    6.301
    4060    6.055
    4061    4.572
    4062    5.380
    4063    4.989
    4064    5.843
    4065    5.315
    4066    5.898
    4067    7.234
    4068    6.640
    4069    5.472
    4070    5.838
    4071    5.382
    4072    4.437
    4073    5.289
    4074    4.496
    4075    4.407
    4076    4.087
    4077    4.149
    4078    4.954
    4079    5.006
    4080    4.074
    4081    5.015
    4082    4.538
    4083    4.350
    4084    4.328
    4085    4.598
    4086    6.045
    4087    4.460
    4088    5.007
    4089    4.410
    4090    4.488
    4091    4.339
    4092    5.349
    4093    5.132
    4094    4.511
    4095    4.852
    4096    4.417
    4097    4.224
    4098    4.587
    4099    4.653
    4100    4.493
    4101    4.725
    4102    3.997
    4103    3.930
    4104    3.594
    4105    4.623
    4106    5.438
    4107    4.834
    4108    4.654
    4109    4.279
    4110    4.432
    4111    4.322
    4112    4.310
    4113    4.291
    4114    5.809
    4115    5.113
    4116    4.575
    4117    4.897
    4118    4.401
    4119    4.000
    4120    4.657
    4121    4.389
    4122    4.275
    4123    4.443
    4124    4.451
    4125    4.946
    4126    4.162
    4127    4.161
    4128    3.837
    4129    3.935
    4130    3.766
    4131    4.425
    4132    4.428
    4133    4.354
    4134    4.376
    4135    5.035
    4136    4.008
    4137    4.196
    4138    4.978
    4139    4.620
    4140    4.706
    4141    4.565
    4142    4.859
    4143    4.537
    4144    4.410
    4145    4.284
    4146    4.030
    4147    4.060
    4148    4.242
    4149    4.248
    4150    4.089
    4151    4.142
    4152    3.966
    4153    3.877
    4154    4.251
    4155    4.457
    4156    3.725
    4157    5.059
    4158    3.758
    4159    4.203
    4160    5.351
    4161    5.155
    4162    5.123
    4163    4.952
    4164    4.593
    4165    4.369
    4166    5.353
    4167    5.385
    4168    5.043
    4169    5.511
    4170    5.078
    4171    4.300
    4172    4.392
    4173    4.626
    4174    4.660
    4175    4.541
    4176    5.641
    4177    4.612
    4178    5.923
    4179    4.752
    4180    5.656
    4181    3.728
    4182    4.274
    4183    4.911
    4184    4.874
    4185    4.060
    4186    4.377
    4187    4.413
    4188    4.193
    4189    3.925
    4190    4.668
    4191    4.340
    4192    4.266
    4193    3.929
    4194    4.619
    4195    3.745
    4196    4.803
    4197    4.887
    4198    4.107
    4199    3.774
    4200    4.244
    4201    3.777
    4202    4.109
    4203    4.107
    4204    4.781
    4205    4.723
    4206    4.497
    4207    4.501
    4208    4.528
    4209    4.184
    4210    4.549
    4211    4.539
    4212    4.201
    4213    4.165
    4214    3.868
    4215    4.441
    4216    4.718
    4217    4.325
    4218    5.308
    4219    4.462
    4220    6.129
    4221    4.780
    4222    5.892
    4223    4.086
    4224    3.975
    4225    4.614
    4226    4.699
    4227    4.288
    4228    4.741
    4229    5.025
    4230    5.032
    4231    4.876
    4232    4.788
    4233    4.341
    4234    4.079
    4235    4.443
    4236    4.673
    4237    4.180
    4238    4.406
    4239    4.315
    4240    4.352
    4241    4.632
    4242    4.341
    4243    4.291
    4244    4.367
    4245    5.169
    4246    5.055
    4247    5.657
    4248    6.257
    4249    5.338
    4250    5.620
    4251    4.705
    4252    4.358
    4253    4.305
    4254    4.533
    4255    5.782
    4256    4.780
    4257    4.053
    4258    5.508
    4259    3.791
    4260    3.552
    4261    4.648
    4262    4.130
    4263    3.801
    4264    4.262
    4265    4.393
    4266    4.839
    4267    4.357
    4268    4.190
    4269    4.478
    4270    4.750
    4271    3.632
    4272    4.454
    4273    4.789
    4274    4.471
    4275    4.564
    4276    4.359
    4277    4.284
    4278    4.141
    4279    4.914
    4280    4.786
    4281    5.499
    4282    4.736
    4283    4.341
    4284    4.599
    4285    5.768
    4286    5.146
    4287    4.530
    4288    5.729
    4289    5.336
    4290    6.800
    4291    5.280
    4292    5.790
    4293    5.384
    4294    5.669
    4295    5.553
    4296    5.914
    4297    6.678
    4298    5.403
    4299    3.905
    4300    4.258
    4301    4.273
    4302    5.214
    4303    4.375
    4304    5.327
    4305    4.899
    4306    5.924
    4307    4.959
    4308    5.407
    4309    4.375
    4310    5.316
    4311    4.082
    4312    4.394
    4313    3.990
    4314    4.432
    4315    5.030
    4316    5.151
    4317    5.663
    4318    5.223
    4319    5.949
    4320    6.278
    4321    6.414
    4322    5.458
    4323    4.231
    4324    4.899
    4325    5.078
    4326    5.036
    4327    5.548
    4328    5.747
    4329    4.693
    4330    4.485
    4331    4.319
    4332    4.228
    4333    5.652
    4334    5.537
    4335    5.367
    4336    5.888
    4337    4.803
    4338    4.638
    4339    5.068
    4340    4.615
    4341    5.169
    4342    6.095
    4343    5.066
    4344    5.157
    4345    4.560
    4346    4.781
    4347    5.806
    4348    5.048
    4349    5.093
    4350    5.516
    4351    4.331
    4352    4.630
    4353    5.166
    4354    4.355
    4355    5.902
    4356    4.840
    4357    6.066
    4358    5.515
    4359    4.363
    4360    4.882
    4361    4.332
    4362    4.687
    4363    4.341
    4364    4.563
    4365    5.407
    4366    4.141
    4367    4.235
    4368    4.231
    4369    5.021
    4370    4.241
    4371    4.053
    4372    3.877
    4373    4.407
    4374    4.315
    4375    4.862
    4376    4.689
    4377    4.405
    4378    5.401
    4379    4.839
    4380    4.785
    4381    5.517
    4382    5.700
    4383    5.179
    4384    4.310
    4385    5.089
    4386    4.413
    4387    4.451
    4388    4.164
    4389    4.187
    4390    4.761
    4391    4.806
    4392    5.222
    4393    4.836
    4394    5.924
    4395    5.111
    4396    4.267
    4397    4.414
    4398    5.353
    4399    5.595
    4400    7.289
    4401    6.550
    4402    5.256
    4403    6.113
    4404    6.544
    4405    5.463
    4406    5.922
    4407    5.191
    4408    5.235
    4409    5.920
    4410    5.608
    4411    4.178
    4412    3.958
    4413    4.170
    4414    3.821
    4415    4.677
    4416    4.834
    4417    6.616
    4418    4.895
    4419    4.141
    4420    5.254
    4421    4.494
    4422    4.474
    4423    4.512
    4424    4.304
    4425    4.763
    4426    4.689
    4427    4.632
    4428    5.308
    4429    4.541
    4430    4.391
    4431    4.610
    4432    4.002
    4433    4.045
    4434    3.708
    4435    5.019
    4436    4.889
    4437    5.853
    4438    5.876
    4439    4.396
    4440    5.217
    4441    5.408
    4442    6.114
    4443    5.825
    4444    6.016
    4445    5.872
    4446    5.859
    4447    5.324
    4448    4.729
    4449    4.542
    4450    4.848
    4451    4.717
    4452    3.936
    4453    4.210
    4454    4.758
    4455    4.219
    4456    5.462
    4457    6.100
    4458    6.092
    4459    4.812
    4460    4.716
    4461    4.188
    4462    4.928
    4463    5.036
    4464    4.166
    4465    4.363
    4466    3.689
    4467    4.039
    4468    4.079
    4469    4.867
    4470    4.589
    4471    4.725
    4472    4.700
    4473    4.291
    4474    5.136
    4475    4.533
    4476    4.269
    4477    4.278
    4478    4.325
    4479    4.507
    4480    5.980
    4481    5.348
    4482    4.261
    4483    3.959
    4484    4.125
    4485    4.075
    4486    3.775
    4487    4.367
    4488    3.964
    4489    5.374
    4490    4.482
    4491    5.420
    4492    4.712
    4493    3.664
    4494    4.523
    4495    5.755
    4496    4.455
    4497    4.687
    4498    4.391
    4499    5.802
    4500    4.978
    4501    4.578
    4502    4.445
    4503    4.224
    4504    3.644
    4505    4.322
    4506    5.219
    4507    4.131
    4508    5.777
    4509    5.328
    4510    4.617
    4511    4.680
    4512    5.427
    4513    5.693
    4514    5.204
    4515    5.544
    4516    5.083
    4517    4.381
    4518    5.598
    4519    4.760
    4520    4.396
    4521    4.820
    4522    4.413
    4523    4.490
    4524    4.406
    4525    4.937
    4526    5.821
    4527    3.941
    4528    3.627
    4529    4.252
    4530    5.021
    4531    6.325
    4532    6.135
    4533    5.237
    4534    4.865
    4535    4.740
    4536    5.062
    4537    5.363
    4538    4.960
    4539    5.194
    4540    4.535
    4541    4.783
    4542    4.528
    4543    4.315
    4544    4.841
    4545    4.111
    4546    4.618
    4547    4.307
    4548    4.112
    4549    4.557
    4550    4.133
    4551    4.328
    4552    4.200
    4553    4.034
    4554    4.331
    4555    4.358
    4556    4.342
    4557    5.837
    4558    4.820
    4559    5.281
    4560    4.768
    4561    4.901
    4562    5.232
    4563    5.199
    4564    6.629
    4565    5.670
    4566    5.438
    4567    5.013
    4568    6.441
    4569    5.687
    4570    6.745
    4571    6.829
    4572    7.777
    4573    5.548
    4574    5.946
    4575    5.131
    4576    4.758
    4577    5.966
    4578    6.314
    4579    6.034
    4580    5.271
    4581    5.230
    4582    4.789
    4583    4.584
    4584    5.259
    4585    5.848
    4586    4.781
    4587    4.017
    4588    4.745
    4589    4.609
    4590    4.891
    4591    5.195
    4592    4.177
    4593    5.036
    4594    4.623
    4595    4.384
    4596    4.880
    4597    4.759
    4598    4.376
    4599    5.831
    4600    5.371
    4601    4.681
    4602    4.433
    4603    4.853
    4604    5.343
    4605    5.449
    4606    5.454
    4607    4.606
    4608    4.388
    4609    4.631
    4610    4.794
    4611    4.783
    4612    4.014
    4613    4.954
    4614    4.538
    4615    4.406
    4616    3.992
    4617    4.894
    4618    6.334
    4619    6.530
    4620    5.597
    4621    5.462
    4622    5.463
    4623    4.421
    4624    3.925
    4625    5.383
    4626    4.455
    4627    6.135
    4628    4.244
    4629    4.656
    4630    4.151
    4631    4.747
    4632    4.866
    4633    4.539
    4634    4.747
    4635    4.093
    4636    4.073
    4637    4.493
    4638    3.984
    4639    4.306
    4640    3.929
    4641    3.747
    4642    4.449
    4643    4.037
    4644    3.775
    4645    3.823
    4646    3.709
    4647    6.016
    4648    4.678
    4649    4.758
    4650    4.070
    4651    4.034
    4652    4.073
    4653    4.337
    4654    4.123
    4655    3.935
    4656    4.441
    4657    3.911
    4658    3.863
    4659    4.322
    4660    4.438
    4661    4.587
    4662    3.980
    4663    4.108
    4664    3.850
    4665    4.364
    4666    5.137
    4667    4.181
    4668    4.084
    4669    4.122
    4670    4.362
    4671    4.507
    4672    4.347
    4673    4.545
    4674    4.407
    4675    4.742
    4676    4.346
    4677    4.303
    4678    4.642
    4679    4.612
    4680    4.848
    4681    5.039
    4682    5.078
    4683    5.053
    4684    4.711
    4685    4.566
    4686    3.535
    4687    4.165
    4688    4.168
    4689    3.902
    4690    3.750
    4691    3.905
    4692    3.865
    4693    4.184
    4694    5.203
    4695    4.355
    4696    4.675
    4697    4.629
    4698    4.667
    4699    5.073
    4700    5.127
    4701    4.812
    4702    4.236
    4703    4.670
    4704    5.099
    4705    4.733
    4706    4.331
    4707    3.804
    4708    3.620
    4709    4.152
    4710    4.128
    4711    4.349
    4712    4.248
    4713    4.474
    4714    5.026
    4715    3.780
    4716    3.904
    4717    4.263
    4718    4.523
    4719    4.575
    4720    3.865
    4721    4.208
    4722    4.261
    4723    4.134
    4724    4.292
    4725    4.277
    4726    4.503
    4727    4.446
    4728    4.874
    4729    4.094
    4730    4.320
    4731    4.342
    4732    3.971
    4733    3.860
    4734    4.146
    4735    3.668
    4736    4.162
    4737    5.230
    4738    5.405
    4739    4.771
    4740    5.505
    4741    4.451
    4742    4.602
    4743    4.312
    4744    4.772
    4745    4.532
    4746    4.325
    4747    4.304
    4748    4.427
    4749    4.752
    4750    4.725
    4751    5.027
    4752    5.701
    4753    5.732
    4754    5.377
    4755    4.770
    4756    4.794
    4757    4.747
    4758    4.515
    4759    4.569
    4760    5.806
    4761    4.400
    4762    5.019
    4763    5.873
    4764    5.837
    4765    4.535
    4766    4.479
    4767    4.494
    4768    4.776
    4769    4.360
    4770    4.219
    4771    4.190
    4772    4.387
    4773    5.099
    4774    4.232
    4775    4.305
    4776    4.199
    4777    4.866
    4778    4.549
    4779    4.953
    4780    4.563
    4781    5.562
    4782    4.435
    4783    4.837
    4784    4.585
    4785    4.741
    4786    4.363
    4787    4.887
    4788    5.215
    4789    4.753
    4790    4.358
    4791    5.945
    4792    6.149
    4793    6.762
    4794    5.827
    4795    5.978
    4796    6.681
    4797    6.400
    4798    4.595
    4799    4.740
    4800    5.075
    4801    4.398
    4802    5.414
    4803    4.938
    4804    4.217
    4805    5.112
    4806    4.691
    4807    5.207
    4808    6.213
    4809    5.539
    4810    4.320
    4811    4.632
    4812    6.065
    4813    6.589
    4814    5.797
    4815    5.612
    4816    4.199
    4817    4.275
    4818    5.029
    4819    3.462
    4820    5.348
    4821    4.721
    4822    4.367
    4823    3.873
    4824    6.164
    4825    7.295
    4826    6.116
    4827    6.065
    4828    5.377
    4829    6.414
    4830    6.134
    4831    5.803
    4832    5.854
    4833    5.955
    4834    6.024
    4835    5.856
    4836    6.079
    4837    4.643
    4838    6.548
    4839    5.952
    4840    5.782
    4841    5.983
    4842    5.486
    4843    5.499
    4844    5.720
    4845    5.714
    4846    5.574
    4847    5.943
    4848    4.872
    4849    4.957
    4850    5.526
    4851    5.430
    4852    5.417
    4853    4.393
    4854    5.165
    4855    5.291
    4856    5.644
    4857    5.649
    4858    6.452
    4859    6.496
    4860    5.726
    4861    5.650
    4862    6.101
    4863    6.343
    4864    4.742
    4865    4.852
    4866    6.281
    4867    5.567
    4868    4.921
    4869    4.190
    4870    4.539
    4871    4.365
    4872    4.870
    4873    4.613
    4874    4.225
    4875    5.375
    4876    4.528
    4877    4.684
    4878    4.906
    4879    4.624
    4880    4.113
    4881    4.722
    4882    4.537
    4883    4.734
    4884    4.206
    4885    4.130
    4886    4.969
    4887    5.425
    4888    4.796
    4889    4.205
    4890    5.229
    4891    5.398
    4892    5.778
    4893    5.709
    4894    5.789
    4895    5.944
    4896    5.059
    4897    5.412
    4898    6.152
    4899    4.463
    4900    5.198
    4901    5.025
    4902    5.054
    4903    5.145
    4904    5.056
    4905    4.352
    4906    4.262
    4907    5.728
    4908    4.033
    4909    6.314
    4910    5.009
    4911    5.164
    4912    3.804
    4913    4.735
    4914    4.232
    4915    5.731
    4916    4.817
    4917    4.207
    4918    5.325
    4919    4.078
    4920    4.471
    4921    4.349
    4922    4.357
    4923    4.687
    4924    4.556
    4925    4.378
    4926    4.055
    4927    3.441
    4928    4.426
    4929    4.863
    4930    5.373
    4931    4.602
    4932    4.547
    4933    4.378
    4934    5.295
    4935    4.307
    4936    4.371
    4937    4.090
    4938    4.322
    4939    4.347
    4940    3.867
    4941    4.259
    4942    5.027
    4943    4.674
    4944    4.736
    4945    5.688
    4946    4.921
    4947    5.266
    4948    5.620
    4949    4.902
    4950    4.501
    4951    4.521
    4952    4.646
    4953    4.535
    4954    4.433
    4955    4.508
    4956    4.227
    4957    4.346
    4958    4.471
    4959    4.499
    4960    5.288
    4961    5.019
    4962    4.741
    4963    4.282
    4964    4.561
    4965    4.324
    4966    4.124
    4967    4.202
    4968    4.696
    4969    4.200
    4970    3.718
    4971    4.022
    4972    4.080
    4973    4.246
    4974    4.540
    4975    3.956
    4976    5.173
    4977    5.083
    4978    6.438
    4979    6.694
    4980    5.866
    4981    5.958
    4982    5.850
    4983    5.857
    4984    4.236
    4985    5.402
    4986    6.155
    4987    6.034
    4988    6.481
    4989    5.175
    4990    6.182
    4991    6.103
    4992    6.195
    4993    5.294
    4994    6.225
    4995    6.078
    4996    4.706
    4997    4.194
    4998    4.669
    4999    5.556
    5000    5.452
