#Frame   HeadAnyN
       1    4.908
       2    4.076
       3    4.309
       4    4.006
       5    4.184
       6    4.647
       7    4.403
       8    4.227
       9    4.427
      10    4.524
      11    4.313
      12    4.626
      13    4.365
      14    4.198
      15    4.183
      16    4.465
      17    4.353
      18    3.754
      19    3.967
      20    4.705
      21    4.812
      22    4.558
      23    4.445
      24    4.323
      25    4.519
      26    5.079
      27    4.741
      28    4.884
      29    4.751
      30    4.365
      31    4.550
      32    4.260
      33    4.990
      34    4.707
      35    4.657
      36    4.466
      37    4.351
      38    4.224
      39    4.671
      40    4.581
      41    4.644
      42    4.295
      43    4.304
      44    4.637
      45    5.080
      46    4.393
      47    4.484
      48    4.868
      49    4.458
      50    4.469
      51    5.133
      52    4.664
      53    4.658
      54    4.844
      55    4.799
      56    4.472
      57    4.096
      58    4.324
      59    5.207
      60    5.700
      61    5.080
      62    4.390
      63    4.120
      64    4.248
      65    4.260
      66    3.904
      67    4.207
      68    4.284
      69    4.061
      70    4.291
      71    4.521
      72    4.407
      73    4.895
      74    4.237
      75    4.182
      76    4.661
      77    4.182
      78    4.407
      79    4.221
      80    5.161
      81    4.378
      82    4.439
      83    4.179
      84    4.478
      85    4.237
      86    4.371
      87    4.360
      88    4.317
      89    4.497
      90    4.443
      91    4.457
      92    4.712
      93    5.076
      94    4.505
      95    4.940
      96    5.094
      97    4.405
      98    4.363
      99    4.211
     100    5.369
     101    4.798
     102    4.467
     103    4.446
     104    4.573
     105    4.493
     106    4.819
     107    5.042
     108    4.515
     109    4.718
     110    5.250
     111    5.087
     112    5.218
     113    5.316
     114    5.025
     115    4.889
     116    5.177
     117    4.591
     118    4.706
     119    3.643
     120    4.434
     121    4.363
     122    4.177
     123    4.780
     124    4.740
     125    4.477
     126    4.080
     127    4.922
     128    4.458
     129    4.409
     130    4.488
     131    4.465
     132    5.570
     133    4.766
     134    4.545
     135    5.394
     136    5.465
     137    5.069
     138    4.850
     139    4.512
     140    4.956
     141    4.936
     142    4.559
     143    4.254
     144    4.711
     145    6.390
     146    4.979
     147    4.801
     148    4.377
     149    4.094
     150    4.042
     151    5.047
     152    5.029
     153    5.486
     154    5.179
     155    4.734
     156    4.623
     157    5.213
     158    5.506
     159    4.691
     160    4.864
     161    5.176
     162    4.762
     163    4.915
     164    5.266
     165    5.339
     166    4.855
     167    5.066
     168    5.186
     169    5.633
     170    5.605
     171    5.350
     172    5.120
     173    4.686
     174    4.651
     175    5.592
     176    4.188
     177    4.853
     178    5.419
     179    5.223
     180    4.455
     181    5.298
     182    4.592
     183    5.440
     184    6.296
     185    5.681
     186    5.988
     187    5.366
     188    5.256
     189    4.732
     190    5.460
     191    6.736
     192    6.196
     193    5.269
     194    5.621
     195    6.180
     196    5.818
     197    5.863
     198    6.041
     199    5.887
     200    5.328
     201    5.886
     202    5.318
     203    5.339
     204    4.735
     205    4.652
     206    4.695
     207    4.470
     208    6.051
     209    4.944
     210    4.831
     211    6.156
     212    5.596
     213    5.605
     214    4.887
     215    4.615
     216    4.389
     217    4.528
     218    4.221
     219    4.883
     220    4.540
     221    5.790
     222    6.244
     223    4.950
     224    5.541
     225    6.804
     226    5.563
     227    5.832
     228    6.306
     229    6.509
     230    6.647
     231    6.530
     232    6.536
     233    5.194
     234    5.896
     235    5.218
     236    5.516
     237    4.902
     238    4.968
     239    4.752
     240    5.700
     241    6.073
     242    6.711
     243    6.126
     244    5.575
     245    5.813
     246    5.853
     247    5.645
     248    6.078
     249    4.804
     250    5.459
     251    5.057
     252    5.156
     253    4.344
     254    4.650
     255    4.937
     256    5.128
     257    5.470
     258    4.383
     259    4.938
     260    4.705
     261    4.538
     262    4.566
     263    4.559
     264    5.293
     265    5.959
     266    5.424
     267    5.134
     268    6.111
     269    6.866
     270    6.456
     271    7.282
     272    7.312
     273    6.758
     274    6.753
     275    6.629
     276    7.117
     277    6.900
     278    7.767
     279    6.679
     280    6.379
     281    6.424
     282    6.943
     283    6.714
     284    6.524
     285    6.886
     286    7.064
     287    5.753
     288    7.540
     289    6.851
     290    6.268
     291    4.858
     292    6.038
     293    4.560
     294    5.125
     295    4.148
     296    4.923
     297    4.360
     298    4.937
     299    4.849
     300    4.377
     301    4.407
     302    4.452
     303    6.965
     304    5.848
     305    4.479
     306    4.690
     307    6.583
     308    6.450
     309    6.706
     310    5.905
     311    5.616
     312    5.382
     313    5.819
     314    5.857
     315    6.672
     316    4.454
     317    4.916
     318    5.166
     319    5.751
     320    6.890
     321    6.116
     322    5.345
     323    4.379
     324    4.153
     325    4.400
     326    4.199
     327    4.937
     328    4.685
     329    4.193
     330    5.198
     331    4.467
     332    4.556
     333    4.716
     334    4.850
     335    4.796
     336    5.574
     337    5.126
     338    4.448
     339    5.047
     340    4.643
     341    4.311
     342    4.597
     343    3.797
     344    4.326
     345    4.485
     346    4.646
     347    4.270
     348    4.706
     349    4.383
     350    4.416
     351    4.830
     352    6.136
     353    4.967
     354    6.589
     355    6.458
     356    5.110
     357    5.810
     358    5.442
     359    5.398
     360    4.285
     361    4.150
     362    5.922
     363    5.728
     364    6.094
     365    5.777
     366    6.745
     367    6.654
     368    4.697
     369    4.541
     370    4.628
     371    5.315
     372    6.168
     373    6.922
     374    6.682
     375    5.639
     376    4.572
     377    5.923
     378    7.508
     379    5.755
     380    5.029
     381    4.748
     382    5.856
     383    5.997
     384    6.035
     385    5.228
     386    6.184
     387    4.484
     388    4.787
     389    6.036
     390    6.060
     391    5.841
     392    6.256
     393    4.699
     394    5.501
     395    4.502
     396    5.483
     397    5.337
     398    5.440
     399    6.086
     400    5.414
     401    4.822
     402    4.416
     403    5.508
     404    4.398
     405    5.525
     406    5.963
     407    6.100
     408    5.287
     409    5.617
     410    5.412
     411    5.108
     412    5.789
     413    5.529
     414    5.791
     415    6.090
     416    5.840
     417    5.395
     418    4.068
     419    4.257
     420    4.338
     421    5.448
     422    4.194
     423    4.359
     424    6.179
     425    4.343
     426    4.559
     427    4.423
     428    5.189
     429    4.791
     430    5.689
     431    5.658
     432    7.038
     433    7.428
     434    7.520
     435    7.040
     436    6.562
     437    5.992
     438    5.329
     439    4.727
     440    5.501
     441    5.570
     442    6.275
     443    6.280
     444    6.627
     445    6.145
     446    4.574
     447    4.724
     448    4.328
     449    4.797
     450    4.660
     451    4.783
     452    4.633
     453    4.862
     454    4.394
     455    4.839
     456    4.433
     457    6.043
     458    6.616
     459    5.905
     460    4.683
     461    6.867
     462    6.181
     463    6.400
     464    5.842
     465    6.074
     466    5.945
     467    5.637
     468    4.547
     469    5.728
     470    5.070
     471    5.900
     472    4.520
     473    4.976
     474    5.813
     475    4.464
     476    5.154
     477    4.488
     478    4.702
     479    4.473
     480    4.519
     481    5.332
     482    5.144
     483    4.223
     484    4.794
     485    4.583
     486    5.361
     487    6.346
     488    6.441
     489    6.140
     490    5.941
     491    6.240
     492    6.176
     493    5.419
     494    5.385
     495    5.438
     496    6.592
     497    5.758
     498    4.586
     499    5.761
     500    6.127
     501    5.888
     502    5.512
     503    6.242
     504    4.562
     505    4.328
     506    4.992
     507    4.371
     508    4.562
     509    4.447
     510    4.674
     511    4.587
     512    4.238
     513    4.489
     514    5.407
     515    5.434
     516    5.145
     517    5.799
     518    4.647
     519    4.372
     520    4.624
     521    4.722
     522    6.397
     523    6.463
     524    6.322
     525    6.479
     526    6.585
     527    5.836
     528    5.029
     529    4.903
     530    5.921
     531    5.351
     532    5.572
     533    5.956
     534    5.394
     535    5.683
     536    6.368
     537    6.530
     538    6.635
     539    7.351
     540    7.365
     541    6.641
     542    5.679
     543    4.982
     544    5.870
     545    6.294
     546    5.966
     547    4.724
     548    4.886
     549    5.497
     550    6.305
     551    6.063
     552    4.501
     553    4.551
     554    5.531
     555    5.358
     556    4.671
     557    4.100
     558    4.809
     559    4.181
     560    6.718
     561    6.397
     562    6.225
     563    6.547
     564    4.713
     565    4.754
     566    4.947
     567    4.389
     568    4.340
     569    4.828
     570    5.639
     571    4.381
     572    4.333
     573    3.920
     574    3.946
     575    5.123
     576    4.223
     577    5.180
     578    4.697
     579    4.295
     580    4.813
     581    5.861
     582    7.088
     583    7.375
     584    7.471
     585    7.521
     586    8.376
     587    5.757
     588    5.044
     589    5.141
     590    6.126
     591    5.925
     592    6.013
     593    6.714
     594    5.753
     595    5.620
     596    5.971
     597    6.793
     598    6.028
     599    6.474
     600    6.427
     601    5.718
     602    6.367
     603    5.711
     604    4.859
     605    6.545
     606    7.135
     607    6.258
     608    6.764
     609    6.599
     610    6.736
     611    6.806
     612    6.452
     613    5.664
     614    5.159
     615    4.441
     616    4.400
     617    3.963
     618    4.177
     619    4.528
     620    4.603
     621    4.468
     622    4.297
     623    4.446
     624    4.312
     625    4.386
     626    4.461
     627    4.129
     628    4.102
     629    3.802
     630    4.530
     631    4.304
     632    4.199
     633    4.001
     634    4.034
     635    5.455
     636    5.750
     637    5.496
     638    5.882
     639    5.873
     640    4.800
     641    4.573
     642    4.396
     643    5.146
     644    4.488
     645    4.145
     646    4.782
     647    4.156
     648    4.011
     649    3.848
     650    4.139
     651    4.095
     652    4.329
     653    4.574
     654    4.461
     655    4.355
     656    4.381
     657    5.721
     658    4.156
     659    4.954
     660    4.700
     661    4.658
     662    4.200
     663    4.554
     664    4.235
     665    3.856
     666    3.988
     667    4.929
     668    4.189
     669    5.094
     670    4.704
     671    4.685
     672    5.446
     673    4.774
     674    4.374
     675    5.303
     676    4.205
     677    4.184
     678    4.245
     679    4.008
     680    3.700
     681    4.334
     682    4.326
     683    4.144
     684    4.679
     685    5.081
     686    4.285
     687    4.102
     688    4.597
     689    4.630
     690    4.006
     691    4.402
     692    4.124
     693    4.633
     694    5.763
     695    5.251
     696    5.323
     697    5.827
     698    4.880
     699    5.450
     700    4.464
     701    3.850
     702    3.805
     703    3.611
     704    4.318
     705    4.391
     706    4.529
     707    4.419
     708    4.199
     709    4.467
     710    4.449
     711    4.440
     712    4.925
     713    4.740
     714    4.934
     715    4.627
     716    4.923
     717    5.814
     718    5.509
     719    4.590
     720    4.441
     721    4.268
     722    4.459
     723    4.827
     724    5.833
     725    5.579
     726    5.810
     727    5.992
     728    5.556
     729    4.672
     730    4.773
     731    5.978
     732    4.115
     733    5.307
     734    4.300
     735    5.196
     736    4.782
     737    4.113
     738    4.461
     739    4.541
     740    4.494
     741    4.666
     742    4.497
     743    5.590
     744    5.826
     745    4.706
     746    4.602
     747    4.301
     748    4.439
     749    4.608
     750    4.749
     751    4.417
     752    4.642
     753    4.405
     754    4.552
     755    4.358
     756    4.833
     757    4.389
     758    4.607
     759    4.407
     760    4.310
     761    4.169
     762    5.616
     763    4.338
     764    4.244
     765    4.265
     766    4.616
     767    4.653
     768    5.213
     769    5.379
     770    5.044
     771    4.515
     772    4.263
     773    5.069
     774    4.537
     775    4.956
     776    5.135
     777    5.194
     778    4.632
     779    5.796
     780    5.206
     781    4.479
     782    5.172
     783    4.465
     784    4.523
     785    4.916
     786    4.021
     787    4.287
     788    4.703
     789    4.546
     790    4.554
     791    4.882
     792    4.325
     793    4.029
     794    5.167
     795    4.658
     796    5.313
     797    4.626
     798    4.691
     799    5.480
     800    4.236
     801    5.240
     802    4.701
     803    4.343
     804    4.348
     805    3.934
     806    4.319
     807    4.228
     808    4.260
     809    4.525
     810    5.362
     811    4.278
     812    4.970
     813    4.681
     814    4.300
     815    5.262
     816    4.483
     817    4.626
     818    4.627
     819    4.962
     820    5.292
     821    4.501
     822    4.056
     823    4.852
     824    4.743
     825    5.816
     826    6.422
     827    4.199
     828    4.095
     829    4.360
     830    4.455
     831    4.472
     832    4.493
     833    5.096
     834    4.969
     835    4.562
     836    4.630
     837    5.273
     838    5.051
     839    5.096
     840    4.563
     841    3.956
     842    4.418
     843    6.073
     844    4.960
     845    4.825
     846    4.750
     847    4.456
     848    4.592
     849    4.575
     850    4.735
     851    5.140
     852    4.791
     853    4.663
     854    4.633
     855    4.625
     856    4.506
     857    4.929
     858    4.365
     859    4.635
     860    4.869
     861    5.563
     862    4.718
     863    4.470
     864    4.949
     865    4.565
     866    4.940
     867    5.279
     868    5.244
     869    4.932
     870    3.551
     871    4.356
     872    4.955
     873    4.874
     874    4.655
     875    5.427
     876    5.054
     877    5.220
     878    4.975
     879    4.712
     880    4.738
     881    4.559
     882    4.141
     883    4.521
     884    4.471
     885    4.904
     886    6.048
     887    5.814
     888    5.387
     889    5.502
     890    6.273
     891    4.887
     892    6.058
     893    6.122
     894    5.894
     895    4.498
     896    4.890
     897    4.737
     898    6.309
     899    6.298
     900    6.719
     901    5.465
     902    6.479
     903    5.893
     904    5.798
     905    4.898
     906    5.894
     907    5.305
     908    4.307
     909    3.268
     910    3.659
     911    3.723
     912    3.999
     913    4.379
     914    4.729
     915    4.879
     916    6.214
     917    6.191
     918    6.541
     919    5.409
     920    6.420
     921    6.785
     922    5.723
     923    6.782
     924    6.634
     925    6.473
     926    6.407
     927    7.020
     928    6.750
     929    6.437
     930    6.453
     931    6.802
     932    6.921
     933    6.440
     934    5.885
     935    6.212
     936    5.540
     937    6.014
     938    6.650
     939    6.167
     940    5.759
     941    5.062
     942    5.709
     943    6.890
     944    6.219
     945    6.509
     946    4.996
     947    6.314
     948    5.594
     949    6.275
     950    6.248
     951    6.466
     952    6.869
     953    7.012
     954    6.858
     955    6.240
     956    6.901
     957    6.329
     958    7.373
     959    6.236
     960    7.007
     961    6.034
     962    5.796
     963    6.803
     964    5.626
     965    6.668
     966    6.872
     967    5.521
     968    6.545
     969    5.803
     970    7.214
     971    5.939
     972    5.121
     973    5.102
     974    6.205
     975    7.021
     976    6.181
     977    6.494
     978    4.812
     979    6.162
     980    5.284
     981    5.519
     982    5.484
     983    5.543
     984    5.228
     985    5.099
     986    4.783
     987    5.946
     988    5.857
     989    6.132
     990    5.095
     991    5.923
     992    4.454
     993    5.274
     994    5.089
     995    5.941
     996    4.996
     997    5.229
     998    5.447
     999    5.981
    1000    5.906
    1001    6.990
    1002    5.585
    1003    7.071
    1004    7.391
    1005    6.373
    1006    5.733
    1007    5.774
    1008    5.306
    1009    6.303
    1010    7.245
    1011    7.479
    1012    6.797
    1013    6.780
    1014    6.418
    1015    7.612
    1016    6.649
    1017    7.605
    1018    6.801
    1019    5.931
    1020    5.487
    1021    5.395
    1022    6.300
    1023    6.302
    1024    5.405
    1025    4.854
    1026    5.882
    1027    5.543
    1028    6.206
    1029    6.438
    1030    5.080
    1031    6.115
    1032    6.474
    1033    6.743
    1034    5.576
    1035    6.298
    1036    5.369
    1037    5.503
    1038    6.046
    1039    6.666
    1040    6.104
    1041    6.274
    1042    6.020
    1043    5.718
    1044    6.287
    1045    6.542
    1046    6.111
    1047    6.323
    1048    6.469
    1049    5.845
    1050    6.671
    1051    5.667
    1052    6.029
    1053    5.581
    1054    4.800
    1055    4.719
    1056    4.673
    1057    4.401
    1058    4.389
    1059    4.774
    1060    5.908
    1061    5.583
    1062    5.878
    1063    5.119
    1064    5.726
    1065    5.430
    1066    5.776
    1067    5.714
    1068    6.846
    1069    7.087
    1070    7.242
    1071    7.036
    1072    6.799
    1073    5.728
    1074    6.905
    1075    6.617
    1076    6.862
    1077    5.807
    1078    5.459
    1079    5.991
    1080    5.759
    1081    5.027
    1082    4.486
    1083    6.234
    1084    5.340
    1085    5.310
    1086    5.708
    1087    5.624
    1088    5.966
    1089    5.810
    1090    5.994
    1091    6.102
    1092    5.370
    1093    6.143
    1094    5.603
    1095    6.005
    1096    5.708
    1097    5.787
    1098    5.941
    1099    4.722
    1100    4.780
    1101    4.260
    1102    4.001
    1103    3.566
    1104    3.623
    1105    4.216
    1106    3.666
    1107    4.535
    1108    5.910
    1109    5.558
    1110    4.237
    1111    4.805
    1112    4.757
    1113    4.599
    1114    5.468
    1115    4.605
    1116    4.278
    1117    5.477
    1118    4.528
    1119    5.742
    1120    6.231
    1121    6.041
    1122    6.207
    1123    6.517
    1124    6.010
    1125    5.789
    1126    5.665
    1127    5.721
    1128    4.293
    1129    6.573
    1130    4.594
    1131    3.880
    1132    4.605
    1133    5.233
    1134    4.912
    1135    3.771
    1136    4.328
    1137    5.840
    1138    5.506
    1139    4.880
    1140    4.176
    1141    5.449
    1142    5.418
    1143    5.470
    1144    6.269
    1145    6.232
    1146    7.164
    1147    6.910
    1148    6.439
    1149    5.004
    1150    5.273
    1151    6.751
    1152    4.377
    1153    4.262
    1154    4.665
    1155    4.598
    1156    3.783
    1157    3.901
    1158    3.905
    1159    3.572
    1160    3.733
    1161    3.545
    1162    4.138
    1163    4.274
    1164    3.814
    1165    4.103
    1166    4.201
    1167    4.038
    1168    3.880
    1169    4.077
    1170    4.616
    1171    5.822
    1172    4.726
    1173    4.499
    1174    5.334
    1175    4.664
    1176    4.659
    1177    3.846
    1178    3.482
    1179    3.844
    1180    4.406
    1181    3.719
    1182    4.116
    1183    3.766
    1184    3.877
    1185    3.852
    1186    3.709
    1187    3.588
    1188    3.420
    1189    3.724
    1190    4.347
    1191    4.065
    1192    3.687
    1193    3.707
    1194    3.940
    1195    4.254
    1196    3.916
    1197    3.616
    1198    3.786
    1199    3.738
    1200    4.898
    1201    4.482
    1202    3.945
    1203    4.533
    1204    4.857
    1205    4.224
    1206    4.660
    1207    4.697
    1208    4.220
    1209    3.992
    1210    4.961
    1211    4.787
    1212    4.703
    1213    5.132
    1214    5.520
    1215    5.772
    1216    4.618
    1217    4.225
    1218    4.448
    1219    4.438
    1220    5.283
    1221    4.980
    1222    4.553
    1223    4.555
    1224    4.011
    1225    4.476
    1226    5.449
    1227    5.749
    1228    6.176
    1229    5.721
    1230    5.356
    1231    5.270
    1232    6.402
    1233    5.169
    1234    5.335
    1235    4.775
    1236    6.577
    1237    5.095
    1238    6.058
    1239    5.996
    1240    6.020
    1241    6.777
    1242    6.155
    1243    6.159
    1244    6.842
    1245    6.351
    1246    6.529
    1247    5.236
    1248    4.829
    1249    4.677
    1250    5.928
    1251    6.742
    1252    5.881
    1253    6.227
    1254    4.820
    1255    4.181
    1256    5.096
    1257    5.633
    1258    4.788
    1259    4.864
    1260    6.045
    1261    4.631
    1262    6.412
    1263    6.108
    1264    4.623
    1265    6.292
    1266    5.162
    1267    4.999
    1268    4.337
    1269    3.882
    1270    4.577
    1271    4.781
    1272    3.930
    1273    4.702
    1274    4.375
    1275    3.807
    1276    3.896
    1277    4.168
    1278    4.820
    1279    3.826
    1280    3.879
    1281    4.040
    1282    4.607
    1283    3.718
    1284    4.208
    1285    3.502
    1286    3.960
    1287    3.898
    1288    3.447
    1289    3.731
    1290    5.167
    1291    4.733
    1292    4.128
    1293    4.167
    1294    4.065
    1295    4.144
    1296    4.414
    1297    4.123
    1298    4.272
    1299    4.037
    1300    3.872
    1301    4.275
    1302    4.369
    1303    4.003
    1304    4.745
    1305    5.513
    1306    5.476
    1307    5.565
    1308    5.362
    1309    6.495
    1310    5.307
    1311    6.369
    1312    6.764
    1313    6.328
    1314    6.715
    1315    6.100
    1316    5.920
    1317    6.376
    1318    6.181
    1319    6.503
    1320    6.092
    1321    4.662
    1322    3.683
    1323    4.100
    1324    3.792
    1325    3.598
    1326    4.038
    1327    4.932
    1328    6.611
    1329    6.632
    1330    4.593
    1331    4.580
    1332    5.265
    1333    6.446
    1334    5.513
    1335    6.051
    1336    6.497
    1337    5.957
    1338    6.497
    1339    6.690
    1340    5.608
    1341    5.626
    1342    4.961
    1343    5.333
    1344    4.468
    1345    3.786
    1346    3.812
    1347    3.544
    1348    3.942
    1349    4.406
    1350    4.343
    1351    4.072
    1352    3.922
    1353    4.168
    1354    4.946
    1355    6.174
    1356    5.803
    1357    4.986
    1358    6.084
    1359    5.488
    1360    6.276
    1361    5.262
    1362    5.315
    1363    5.996
    1364    4.964
    1365    4.241
    1366    4.290
    1367    4.637
    1368    5.145
    1369    4.766
    1370    5.682
    1371    5.116
    1372    4.796
    1373    6.206
    1374    5.714
    1375    6.020
    1376    6.292
    1377    5.840
    1378    6.555
    1379    6.598
    1380    6.021
    1381    4.669
    1382    6.015
    1383    5.118
    1384    5.848
    1385    6.186
    1386    6.180
    1387    6.270
    1388    6.785
    1389    7.491
    1390    6.115
    1391    6.605
    1392    6.855
    1393    6.450
    1394    6.240
    1395    5.350
    1396    4.992
    1397    5.205
    1398    5.776
    1399    5.283
    1400    5.908
    1401    5.591
    1402    5.380
    1403    6.171
    1404    5.119
    1405    5.120
    1406    4.330
    1407    5.318
    1408    5.305
    1409    4.869
    1410    4.802
    1411    5.440
    1412    4.342
    1413    4.376
    1414    4.398
    1415    4.272
    1416    4.811
    1417    4.958
    1418    4.357
    1419    4.547
    1420    4.793
    1421    4.448
    1422    4.590
    1423    3.703
    1424    4.594
    1425    3.835
    1426    4.272
    1427    4.112
    1428    4.008
    1429    3.911
    1430    4.585
    1431    5.130
    1432    4.328
    1433    4.572
    1434    4.318
    1435    4.413
    1436    4.656
    1437    4.905
    1438    5.939
    1439    5.537
    1440    5.504
    1441    5.349
    1442    5.832
    1443    5.421
    1444    5.354
    1445    5.598
    1446    4.310
    1447    4.841
    1448    4.769
    1449    5.842
    1450    5.611
    1451    6.931
    1452    6.794
    1453    6.361
    1454    6.947
    1455    6.133
    1456    4.954
    1457    4.945
    1458    4.867
    1459    5.296
    1460    5.867
    1461    5.547
    1462    4.777
    1463    4.954
    1464    4.246
    1465    5.207
    1466    5.289
    1467    5.908
    1468    5.600
    1469    6.422
    1470    6.226
    1471    5.981
    1472    5.791
    1473    5.857
    1474    5.643
    1475    6.959
    1476    5.929
    1477    6.351
    1478    6.783
    1479    7.008
    1480    6.525
    1481    6.714
    1482    5.853
    1483    6.180
    1484    6.746
    1485    6.441
    1486    5.895
    1487    5.012
    1488    6.011
    1489    6.490
    1490    4.721
    1491    6.192
    1492    6.095
    1493    5.275
    1494    4.457
    1495    4.580
    1496    6.084
    1497    5.426
    1498    4.773
    1499    4.518
    1500    4.112
    1501    3.931
    1502    3.975
    1503    3.565
    1504    3.626
    1505    4.962
    1506    3.839
    1507    4.051
    1508    4.657
    1509    4.708
    1510    4.381
    1511    3.624
    1512    4.270
    1513    4.714
    1514    5.260
    1515    4.712
    1516    6.029
    1517    5.701
    1518    6.067
    1519    5.832
    1520    5.807
    1521    5.710
    1522    5.043
    1523    6.028
    1524    6.689
    1525    6.123
    1526    6.115
    1527    6.267
    1528    5.805
    1529    5.125
    1530    4.408
    1531    4.831
    1532    5.196
    1533    5.482
    1534    6.439
    1535    6.195
    1536    5.325
    1537    5.495
    1538    5.814
    1539    5.266
    1540    4.730
    1541    4.774
    1542    5.838
    1543    4.860
    1544    4.573
    1545    4.832
    1546    5.530
    1547    6.176
    1548    6.715
    1549    4.740
    1550    4.312
    1551    4.451
    1552    6.190
    1553    6.825
    1554    6.793
    1555    6.660
    1556    6.530
    1557    6.331
    1558    6.276
    1559    5.247
    1560    5.551
    1561    5.856
    1562    5.576
    1563    4.196
    1564    4.993
    1565    4.945
    1566    3.669
    1567    4.583
    1568    5.118
    1569    5.049
    1570    5.852
    1571    6.604
    1572    6.619
    1573    6.220
    1574    6.163
    1575    5.993
    1576    5.227
    1577    5.952
    1578    4.784
    1579    6.041
    1580    6.475
    1581    5.859
    1582    6.739
    1583    5.376
    1584    5.892
    1585    4.067
    1586    6.369
    1587    6.501
    1588    6.333
    1589    6.817
    1590    6.797
    1591    7.177
    1592    6.572
    1593    6.044
    1594    5.585
    1595    5.103
    1596    5.529
    1597    4.628
    1598    5.035
    1599    4.823
    1600    4.312
    1601    4.761
    1602    5.441
    1603    4.104
    1604    4.606
    1605    5.044
    1606    6.096
    1607    5.806
    1608    6.193
    1609    6.803
    1610    5.608
    1611    5.571
    1612    5.509
    1613    6.213
    1614    6.590
    1615    6.474
    1616    7.040
    1617    6.481
    1618    6.192
    1619    6.986
    1620    6.418
    1621    7.213
    1622    7.349
    1623    7.248
    1624    7.004
    1625    6.556
    1626    6.248
    1627    4.918
    1628    4.658
    1629    4.530
    1630    4.725
    1631    4.840
    1632    4.562
    1633    4.351
    1634    5.151
    1635    5.610
    1636    4.730
    1637    6.562
    1638    5.676
    1639    6.232
    1640    5.881
    1641    6.116
    1642    6.394
    1643    6.288
    1644    5.929
    1645    6.350
    1646    5.963
    1647    6.153
    1648    6.052
    1649    6.276
    1650    5.628
    1651    6.044
    1652    5.671
    1653    5.716
    1654    5.883
    1655    5.469
    1656    4.556
    1657    4.788
    1658    4.690
    1659    4.679
    1660    5.543
    1661    5.139
    1662    5.388
    1663    5.331
    1664    4.273
    1665    4.670
    1666    4.643
    1667    4.836
    1668    4.721
    1669    4.434
    1670    4.891
    1671    4.490
    1672    3.950
    1673    4.420
    1674    5.838
    1675    4.849
    1676    4.521
    1677    4.967
    1678    4.461
    1679    4.659
    1680    3.659
    1681    5.448
    1682    5.478
    1683    5.118
    1684    4.420
    1685    6.375
    1686    5.458
    1687    4.377
    1688    4.458
    1689    4.258
    1690    3.678
    1691    4.801
    1692    5.070
    1693    5.495
    1694    5.419
    1695    6.093
    1696    5.360
    1697    5.951
    1698    6.154
    1699    4.996
    1700    6.277
    1701    6.853
    1702    6.577
    1703    6.212
    1704    6.681
    1705    6.262
    1706    6.823
    1707    5.635
    1708    6.021
    1709    4.864
    1710    5.161
    1711    4.551
    1712    4.559
    1713    5.043
    1714    4.372
    1715    4.374
    1716    4.985
    1717    4.495
    1718    4.494
    1719    5.025
    1720    5.426
    1721    4.900
    1722    4.654
    1723    4.126
    1724    4.806
    1725    4.862
    1726    4.016
    1727    4.613
    1728    5.103
    1729    4.532
    1730    4.307
    1731    4.019
    1732    4.908
    1733    5.093
    1734    4.886
    1735    4.508
    1736    4.746
    1737    4.481
    1738    4.355
    1739    3.855
    1740    3.707
    1741    4.045
    1742    3.971
    1743    4.621
    1744    4.248
    1745    4.373
    1746    4.109
    1747    4.026
    1748    4.720
    1749    3.966
    1750    3.945
    1751    4.489
    1752    4.493
    1753    4.370
    1754    3.925
    1755    4.604
    1756    4.485
    1757    4.416
    1758    4.466
    1759    4.434
    1760    5.143
    1761    4.458
    1762    5.730
    1763    4.833
    1764    4.986
    1765    5.025
    1766    4.418
    1767    4.641
    1768    4.504
    1769    4.235
    1770    4.367
    1771    4.928
    1772    3.792
    1773    4.079
    1774    3.875
    1775    3.915
    1776    4.219
    1777    4.327
    1778    4.463
    1779    4.367
    1780    4.167
    1781    3.975
    1782    3.843
    1783    4.590
    1784    4.914
    1785    4.559
    1786    5.496
    1787    4.741
    1788    4.337
    1789    4.824
    1790    4.541
    1791    4.519
    1792    4.400
    1793    4.160
    1794    4.574
    1795    4.408
    1796    4.868
    1797    4.521
    1798    4.171
    1799    4.607
    1800    4.501
    1801    4.527
    1802    4.901
    1803    4.455
    1804    3.989
    1805    4.079
    1806    4.343
    1807    4.333
    1808    4.856
    1809    5.713
    1810    6.105
    1811    6.756
    1812    6.647
    1813    6.124
    1814    5.958
    1815    6.130
    1816    5.768
    1817    4.515
    1818    5.816
    1819    6.077
    1820    5.578
    1821    6.227
    1822    5.902
    1823    4.748
    1824    4.533
    1825    4.768
    1826    4.566
    1827    4.701
    1828    6.278
    1829    6.744
    1830    6.088
    1831    5.596
    1832    5.910
    1833    5.167
    1834    5.733
    1835    5.806
    1836    5.488
    1837    5.743
    1838    5.923
    1839    6.306
    1840    4.840
    1841    6.363
    1842    4.540
    1843    5.893
    1844    5.352
    1845    4.350
    1846    4.650
    1847    4.641
    1848    4.540
    1849    4.753
    1850    6.067
    1851    5.036
    1852    5.288
    1853    5.392
    1854    4.948
    1855    5.375
    1856    4.972
    1857    5.055
    1858    4.297
    1859    5.499
    1860    4.484
    1861    5.393
    1862    5.127
    1863    5.601
    1864    6.074
    1865    6.973
    1866    7.788
    1867    6.934
    1868    6.618
    1869    5.201
    1870    5.018
    1871    5.442
    1872    6.068
    1873    5.212
    1874    5.488
    1875    4.666
    1876    6.306
    1877    4.826
    1878    4.862
    1879    5.746
    1880    6.299
    1881    6.906
    1882    6.342
    1883    6.102
    1884    5.950
    1885    5.313
    1886    5.966
    1887    6.338
    1888    5.468
    1889    5.541
    1890    6.221
    1891    5.652
    1892    5.978
    1893    6.282
    1894    6.153
    1895    6.814
    1896    6.056
    1897    5.308
    1898    6.212
    1899    5.656
    1900    5.284
    1901    5.632
    1902    5.254
    1903    5.399
    1904    5.807
    1905    5.375
    1906    5.188
    1907    5.143
    1908    4.840
    1909    5.734
    1910    4.541
    1911    5.691
    1912    4.822
    1913    5.077
    1914    4.999
    1915    5.146
    1916    5.822
    1917    6.883
    1918    5.999
    1919    5.803
    1920    6.353
    1921    5.938
    1922    5.227
    1923    4.700
    1924    6.173
    1925    5.623
    1926    5.475
    1927    4.940
    1928    5.227
    1929    4.761
    1930    4.866
    1931    5.988
    1932    7.420
    1933    5.062
    1934    5.964
    1935    6.758
    1936    7.618
    1937    6.185
    1938    6.931
    1939    7.043
    1940    6.469
    1941    6.797
    1942    6.915
    1943    6.482
    1944    5.650
    1945    6.397
    1946    6.425
    1947    6.446
    1948    5.301
    1949    5.173
    1950    5.302
    1951    4.575
    1952    6.378
    1953    6.547
    1954    6.926
    1955    6.728
    1956    6.227
    1957    6.138
    1958    7.153
    1959    5.907
    1960    5.876
    1961    6.055
    1962    6.645
    1963    6.236
    1964    5.713
    1965    5.927
    1966    5.750
    1967    5.229
    1968    5.424
    1969    5.539
    1970    4.330
    1971    4.916
    1972    4.529
    1973    6.910
    1974    4.358
    1975    5.184
    1976    4.589
    1977    4.968
    1978    5.964
    1979    5.894
    1980    4.508
    1981    4.450
    1982    4.808
    1983    4.244
    1984    5.397
    1985    4.775
    1986    4.323
    1987    5.432
    1988    5.119
    1989    5.005
    1990    6.564
    1991    4.164
    1992    5.794
    1993    6.148
    1994    5.475
    1995    6.958
    1996    6.332
    1997    5.329
    1998    5.366
    1999    5.224
    2000    4.660
    2001    4.633
    2002    4.862
    2003    6.503
    2004    5.567
    2005    6.497
    2006    5.832
    2007    5.631
    2008    5.267
    2009    6.377
    2010    5.116
    2011    4.993
    2012    6.149
    2013    5.561
    2014    4.474
    2015    4.176
    2016    4.492
    2017    4.644
    2018    6.237
    2019    5.354
    2020    5.335
    2021    4.684
    2022    6.283
    2023    6.484
    2024    5.829
    2025    4.217
    2026    6.223
    2027    5.779
    2028    6.526
    2029    6.327
    2030    6.019
    2031    6.590
    2032    6.568
    2033    6.381
    2034    6.442
    2035    6.465
    2036    6.325
    2037    5.724
    2038    5.271
    2039    5.506
    2040    5.438
    2041    6.565
    2042    4.188
    2043    6.687
    2044    4.895
    2045    6.792
    2046    6.287
    2047    5.507
    2048    6.215
    2049    5.732
    2050    5.119
    2051    4.708
    2052    5.989
    2053    6.078
    2054    6.348
    2055    5.023
    2056    6.370
    2057    5.892
    2058    5.294
    2059    5.159
    2060    5.596
    2061    6.249
    2062    6.609
    2063    6.924
    2064    5.812
    2065    5.652
    2066    5.676
    2067    4.559
    2068    5.482
    2069    5.558
    2070    5.717
    2071    6.561
    2072    6.206
    2073    4.937
    2074    4.833
    2075    5.614
    2076    5.287
    2077    5.944
    2078    5.139
    2079    4.442
    2080    5.697
    2081    5.830
    2082    5.468
    2083    5.151
    2084    5.355
    2085    5.877
    2086    5.632
    2087    4.966
    2088    4.816
    2089    5.937
    2090    5.133
    2091    6.128
    2092    6.144
    2093    7.206
    2094    5.077
    2095    5.053
    2096    4.756
    2097    4.904
    2098    4.450
    2099    4.771
    2100    4.533
    2101    4.925
    2102    5.457
    2103    6.376
    2104    6.218
    2105    5.968
    2106    6.145
    2107    7.710
    2108    6.243
    2109    5.643
    2110    6.032
    2111    6.066
    2112    6.499
    2113    6.889
    2114    4.939
    2115    6.143
    2116    5.535
    2117    5.456
    2118    5.552
    2119    5.762
    2120    5.117
    2121    3.978
    2122    4.213
    2123    3.902
    2124    4.370
    2125    4.368
    2126    4.445
    2127    4.386
    2128    4.690
    2129    4.283
    2130    4.278
    2131    3.983
    2132    5.752
    2133    5.575
    2134    5.032
    2135    5.079
    2136    4.447
    2137    5.648
    2138    6.215
    2139    5.588
    2140    5.367
    2141    5.525
    2142    5.497
    2143    3.910
    2144    5.318
    2145    5.742
    2146    5.579
    2147    5.639
    2148    5.666
    2149    5.687
    2150    5.473
    2151    6.125
    2152    4.679
    2153    5.283
    2154    4.911
    2155    4.347
    2156    4.052
    2157    4.729
    2158    4.511
    2159    5.574
    2160    5.129
    2161    5.977
    2162    5.406
    2163    4.863
    2164    5.870
    2165    5.333
    2166    5.625
    2167    4.923
    2168    4.826
    2169    5.160
    2170    5.143
    2171    5.556
    2172    5.246
    2173    5.343
    2174    4.314
    2175    4.748
    2176    4.312
    2177    5.323
    2178    5.299
    2179    5.232
    2180    4.745
    2181    5.251
    2182    5.483
    2183    4.408
    2184    5.319
    2185    4.428
    2186    5.715
    2187    5.321
    2188    5.379
    2189    4.584
    2190    4.536
    2191    4.303
    2192    5.021
    2193    4.337
    2194    4.241
    2195    4.569
    2196    4.918
    2197    5.042
    2198    4.419
    2199    4.289
    2200    4.156
    2201    4.671
    2202    3.917
    2203    5.052
    2204    4.996
    2205    4.290
    2206    3.526
    2207    4.314
    2208    4.448
    2209    4.433
    2210    4.689
    2211    4.601
    2212    3.717
    2213    4.276
    2214    5.192
    2215    4.525
    2216    4.743
    2217    4.584
    2218    6.800
    2219    6.335
    2220    7.260
    2221    6.845
    2222    6.557
    2223    7.032
    2224    7.012
    2225    5.992
    2226    6.611
    2227    6.501
    2228    7.910
    2229    6.681
    2230    5.835
    2231    7.093
    2232    6.604
    2233    7.324
    2234    7.981
    2235    7.868
    2236    7.878
    2237    7.861
    2238    7.278
    2239    6.407
    2240    6.589
    2241    7.400
    2242    7.056
    2243    6.898
    2244    7.111
    2245    5.972
    2246    6.227
    2247    6.168
    2248    6.304
    2249    5.959
    2250    5.677
    2251    6.380
    2252    5.535
    2253    5.419
    2254    6.060
    2255    4.926
    2256    4.890
    2257    5.043
    2258    4.908
    2259    5.727
    2260    5.161
    2261    5.504
    2262    5.236
    2263    4.988
    2264    4.642
    2265    5.357
    2266    5.418
    2267    5.235
    2268    5.864
    2269    5.143
    2270    5.637
    2271    4.831
    2272    5.496
    2273    5.379
    2274    5.938
    2275    6.401
    2276    6.879
    2277    6.143
    2278    5.679
    2279    5.358
    2280    5.287
    2281    4.535
    2282    5.755
    2283    5.598
    2284    4.953
    2285    4.808
    2286    5.644
    2287    5.592
    2288    6.258
    2289    5.443
    2290    5.817
    2291    4.633
    2292    5.336
    2293    4.981
    2294    5.736
    2295    6.071
    2296    5.543
    2297    5.762
    2298    5.614
    2299    5.409
    2300    5.719
    2301    5.056
    2302    4.764
    2303    5.940
    2304    5.786
    2305    6.595
    2306    5.364
    2307    6.130
    2308    5.003
    2309    6.154
    2310    5.671
    2311    5.503
    2312    5.650
    2313    5.788
    2314    5.647
    2315    5.735
    2316    5.381
    2317    6.024
    2318    5.230
    2319    4.781
    2320    4.299
    2321    4.473
    2322    4.867
    2323    5.249
    2324    5.684
    2325    6.101
    2326    5.229
    2327    4.706
    2328    4.718
    2329    4.182
    2330    4.228
    2331    5.312
    2332    4.853
    2333    5.502
    2334    5.679
    2335    5.780
    2336    5.846
    2337    5.731
    2338    5.419
    2339    4.958
    2340    4.802
    2341    6.089
    2342    5.436
    2343    4.906
    2344    4.455
    2345    4.704
    2346    5.874
    2347    5.194
    2348    4.523
    2349    4.490
    2350    4.984
    2351    5.615
    2352    5.347
    2353    5.173
    2354    4.753
    2355    4.278
    2356    5.709
    2357    5.843
    2358    5.445
    2359    5.180
    2360    6.084
    2361    5.755
    2362    6.197
    2363    6.134
    2364    5.802
    2365    5.456
    2366    6.311
    2367    5.528
    2368    6.444
    2369    5.983
    2370    6.067
    2371    6.367
    2372    7.144
    2373    6.541
    2374    5.391
    2375    6.337
    2376    5.416
    2377    6.684
    2378    7.315
    2379    6.602
    2380    5.875
    2381    5.684
    2382    4.669
    2383    5.038
    2384    4.476
    2385    4.706
    2386    5.829
    2387    5.702
    2388    4.972
    2389    5.050
    2390    6.289
    2391    5.848
    2392    6.646
    2393    6.461
    2394    5.880
    2395    5.713
    2396    5.499
    2397    5.336
    2398    5.908
    2399    6.028
    2400    5.954
    2401    6.574
    2402    5.840
    2403    6.395
    2404    6.613
    2405    6.184
    2406    4.370
    2407    4.739
    2408    4.911
    2409    5.462
    2410    5.167
    2411    4.798
    2412    5.520
    2413    5.186
    2414    5.534
    2415    5.570
    2416    5.751
    2417    5.603
    2418    5.262
    2419    6.062
    2420    6.075
    2421    6.460
    2422    5.643
    2423    5.370
    2424    5.678
    2425    5.155
    2426    5.431
    2427    5.250
    2428    5.856
    2429    6.184
    2430    5.168
    2431    5.348
    2432    5.236
    2433    5.800
    2434    6.017
    2435    4.416
    2436    6.332
    2437    4.807
    2438    4.804
    2439    4.372
    2440    4.723
    2441    4.752
    2442    5.195
    2443    4.468
    2444    4.738
    2445    5.099
    2446    4.370
    2447    5.039
    2448    4.580
    2449    4.633
    2450    4.525
    2451    4.409
    2452    4.404
    2453    5.451
    2454    3.820
    2455    4.228
    2456    5.249
    2457    4.183
    2458    4.417
    2459    4.261
    2460    5.111
    2461    4.958
    2462    6.024
    2463    6.372
    2464    4.629
    2465    5.425
    2466    4.330
    2467    6.200
    2468    6.317
    2469    6.243
    2470    6.870
    2471    6.408
    2472    5.051
    2473    6.498
    2474    6.243
    2475    6.327
    2476    5.913
    2477    5.280
    2478    4.673
    2479    4.434
    2480    4.540
    2481    5.218
    2482    4.406
    2483    4.935
    2484    4.140
    2485    4.643
    2486    4.992
    2487    4.494
    2488    4.085
    2489    4.630
    2490    4.292
    2491    4.829
    2492    4.522
    2493    4.602
    2494    4.541
    2495    4.620
    2496    4.551
    2497    4.208
    2498    4.237
    2499    4.721
    2500    3.868
    2501    4.828
    2502    3.657
    2503    3.462
    2504    3.942
    2505    3.679
    2506    4.719
    2507    4.406
    2508    4.710
    2509    4.334
    2510    4.420
    2511    4.290
    2512    4.471
    2513    4.841
    2514    6.619
    2515    6.578
    2516    5.905
    2517    6.770
    2518    4.509
    2519    4.775
    2520    4.398
    2521    4.664
    2522    5.141
    2523    4.278
    2524    6.359
    2525    6.400
    2526    5.617
    2527    6.502
    2528    4.989
    2529    4.325
    2530    5.120
    2531    4.865
    2532    5.788
    2533    4.653
    2534    4.605
    2535    4.737
    2536    4.856
    2537    5.506
    2538    6.149
    2539    6.390
    2540    6.458
    2541    7.024
    2542    6.219
    2543    6.650
    2544    6.284
    2545    6.304
    2546    6.124
    2547    6.405
    2548    6.879
    2549    7.372
    2550    7.141
    2551    7.644
    2552    6.929
    2553    7.180
    2554    6.721
    2555    6.110
    2556    6.260
    2557    6.058
    2558    5.890
    2559    6.228
    2560    4.553
    2561    5.058
    2562    4.626
    2563    4.807
    2564    4.789
    2565    5.166
    2566    6.567
    2567    5.574
    2568    5.788
    2569    4.976
    2570    6.645
    2571    5.938
    2572    5.361
    2573    5.045
    2574    4.323
    2575    4.120
    2576    4.659
    2577    6.714
    2578    6.351
    2579    5.655
    2580    4.358
    2581    4.304
    2582    4.746
    2583    6.051
    2584    6.560
    2585    5.802
    2586    5.106
    2587    5.479
    2588    5.595
    2589    5.600
    2590    4.495
    2591    5.468
    2592    5.156
    2593    6.345
    2594    5.762
    2595    5.663
    2596    4.719
    2597    4.690
    2598    4.850
    2599    4.981
    2600    5.460
    2601    5.782
    2602    6.316
    2603    4.612
    2604    4.849
    2605    4.757
    2606    4.701
    2607    5.540
    2608    4.454
    2609    4.522
    2610    4.351
    2611    4.180
    2612    4.823
    2613    5.300
    2614    4.702
    2615    4.252
    2616    5.110
    2617    4.480
    2618    4.594
    2619    4.578
    2620    4.841
    2621    4.409
    2622    4.240
    2623    5.169
    2624    5.348
    2625    4.721
    2626    4.451
    2627    4.351
    2628    4.405
    2629    4.343
    2630    6.975
    2631    6.401
    2632    7.742
    2633    8.038
    2634    7.515
    2635    6.894
    2636    6.606
    2637    7.379
    2638    6.366
    2639    6.821
    2640    6.885
    2641    6.605
    2642    6.629
    2643    6.592
    2644    6.794
    2645    5.590
    2646    4.351
    2647    5.483
    2648    4.886
    2649    5.487
    2650    5.947
    2651    5.273
    2652    6.170
    2653    5.802
    2654    4.909
    2655    4.893
    2656    6.087
    2657    4.383
    2658    4.892
    2659    4.542
    2660    4.925
    2661    4.987
    2662    4.467
    2663    5.636
    2664    5.613
    2665    6.281
    2666    6.343
    2667    6.401
    2668    4.503
    2669    4.377
    2670    4.568
    2671    4.709
    2672    4.949
    2673    5.846
    2674    4.831
    2675    6.262
    2676    5.342
    2677    4.247
    2678    5.777
    2679    4.850
    2680    4.817
    2681    4.568
    2682    4.605
    2683    4.455
    2684    4.428
    2685    4.425
    2686    4.416
    2687    5.257
    2688    4.402
    2689    4.468
    2690    4.618
    2691    4.678
    2692    4.658
    2693    4.060
    2694    3.994
    2695    4.449
    2696    4.484
    2697    4.623
    2698    4.524
    2699    4.174
    2700    4.689
    2701    4.293
    2702    4.539
    2703    4.873
    2704    6.153
    2705    5.720
    2706    4.731
    2707    4.611
    2708    4.761
    2709    4.359
    2710    4.500
    2711    4.285
    2712    4.808
    2713    4.307
    2714    4.182
    2715    4.568
    2716    4.754
    2717    3.983
    2718    4.616
    2719    5.256
    2720    4.209
    2721    4.389
    2722    4.454
    2723    6.548
    2724    5.715
    2725    4.835
    2726    6.009
    2727    6.001
    2728    7.050
    2729    4.406
    2730    4.214
    2731    4.465
    2732    5.417
    2733    6.663
    2734    6.908
    2735    6.012
    2736    6.349
    2737    5.695
    2738    6.418
    2739    6.627
    2740    6.185
    2741    6.170
    2742    5.122
    2743    4.803
    2744    4.627
    2745    4.222
    2746    4.635
    2747    3.750
    2748    5.179
    2749    4.290
    2750    5.427
    2751    5.514
    2752    5.577
    2753    5.752
    2754    5.838
    2755    5.104
    2756    5.865
    2757    6.046
    2758    5.849
    2759    4.764
    2760    5.556
    2761    5.174
    2762    5.672
    2763    5.717
    2764    6.461
    2765    6.486
    2766    6.129
    2767    6.537
    2768    5.716
    2769    4.961
    2770    5.747
    2771    5.215
    2772    5.841
    2773    5.560
    2774    5.752
    2775    5.191
    2776    5.846
    2777    5.254
    2778    5.024
    2779    5.664
    2780    6.373
    2781    6.389
    2782    5.641
    2783    5.440
    2784    5.569
    2785    6.337
    2786    5.768
    2787    5.609
    2788    5.357
    2789    5.682
    2790    4.804
    2791    4.567
    2792    4.024
    2793    3.770
    2794    4.846
    2795    5.287
    2796    4.479
    2797    5.124
    2798    4.243
    2799    4.887
    2800    4.544
    2801    4.702
    2802    4.284
    2803    4.413
    2804    4.415
    2805    4.423
    2806    4.691
    2807    5.026
    2808    4.874
    2809    5.843
    2810    4.559
    2811    4.790
    2812    5.050
    2813    5.035
    2814    4.665
    2815    4.503
    2816    4.550
    2817    4.513
    2818    5.659
    2819    6.023
    2820    5.861
    2821    5.217
    2822    5.352
    2823    4.485
    2824    5.688
    2825    6.427
    2826    6.787
    2827    6.776
    2828    6.682
    2829    6.378
    2830    5.995
    2831    5.519
    2832    4.515
    2833    5.111
    2834    5.204
    2835    4.909
    2836    4.737
    2837    5.310
    2838    5.562
    2839    5.562
    2840    5.561
    2841    5.622
    2842    4.741
    2843    4.940
    2844    4.601
    2845    5.023
    2846    4.712
    2847    4.391
    2848    4.936
    2849    4.859
    2850    4.425
    2851    4.443
    2852    5.411
    2853    5.419
    2854    5.291
    2855    5.837
    2856    4.412
    2857    4.174
    2858    4.375
    2859    6.273
    2860    6.395
    2861    6.602
    2862    6.193
    2863    5.948
    2864    5.462
    2865    5.663
    2866    5.780
    2867    4.747
    2868    6.100
    2869    6.535
    2870    6.325
    2871    7.064
    2872    5.866
    2873    5.740
    2874    6.696
    2875    7.203
    2876    6.356
    2877    7.276
    2878    6.938
    2879    6.613
    2880    6.830
    2881    6.549
    2882    6.213
    2883    5.876
    2884    6.965
    2885    6.422
    2886    6.588
    2887    6.879
    2888    6.585
    2889    5.997
    2890    6.404
    2891    5.809
    2892    7.028
    2893    6.644
    2894    6.578
    2895    6.971
    2896    6.743
    2897    6.800
    2898    6.891
    2899    6.364
    2900    6.711
    2901    7.191
    2902    5.893
    2903    6.761
    2904    6.264
    2905    5.437
    2906    4.352
    2907    4.532
    2908    4.460
    2909    5.152
    2910    5.901
    2911    5.284
    2912    4.750
    2913    4.323
    2914    5.134
    2915    4.255
    2916    5.238
    2917    4.228
    2918    4.244
    2919    4.369
    2920    3.959
    2921    4.753
    2922    4.800
    2923    3.832
    2924    3.507
    2925    3.752
    2926    3.908
    2927    3.481
    2928    3.775
    2929    3.270
    2930    4.052
    2931    3.813
    2932    3.923
    2933    3.802
    2934    4.638
    2935    4.419
    2936    4.366
    2937    3.907
    2938    4.367
    2939    5.257
    2940    4.668
    2941    4.454
    2942    4.436
    2943    4.503
    2944    5.185
    2945    4.978
    2946    4.795
    2947    4.842
    2948    4.100
    2949    4.478
    2950    4.921
    2951    5.023
    2952    4.673
    2953    5.683
    2954    5.026
    2955    5.620
    2956    5.470
    2957    5.635
    2958    5.013
    2959    4.791
    2960    4.642
    2961    4.296
    2962    4.459
    2963    4.193
    2964    4.465
    2965    3.921
    2966    4.895
    2967    4.108
    2968    5.127
    2969    4.365
    2970    4.680
    2971    5.066
    2972    3.590
    2973    4.226
    2974    3.898
    2975    4.307
    2976    4.195
    2977    3.974
    2978    4.367
    2979    4.808
    2980    4.417
    2981    5.527
    2982    4.355
    2983    6.548
    2984    7.016
    2985    6.197
    2986    6.339
    2987    5.100
    2988    5.911
    2989    6.722
    2990    5.767
    2991    5.511
    2992    5.398
    2993    5.595
    2994    6.330
    2995    6.546
    2996    5.764
    2997    5.492
    2998    7.039
    2999    5.861
    3000    5.839
    3001    5.505
    3002    6.004
    3003    4.596
    3004    4.780
    3005    4.992
    3006    5.021
    3007    5.048
    3008    5.201
    3009    5.275
    3010    6.663
    3011    5.982
    3012    5.704
    3013    6.642
    3014    5.468
    3015    5.990
    3016    6.264
    3017    5.786
    3018    5.183
    3019    6.135
    3020    5.095
    3021    5.876
    3022    5.426
    3023    4.567
    3024    4.811
    3025    4.296
    3026    4.575
    3027    4.722
    3028    4.322
    3029    4.639
    3030    4.576
    3031    4.218
    3032    4.298
    3033    4.745
    3034    4.739
    3035    5.340
    3036    4.354
    3037    5.024
    3038    5.714
    3039    4.757
    3040    5.322
    3041    4.988
    3042    4.797
    3043    6.178
    3044    5.878
    3045    5.414
    3046    4.622
    3047    4.304
    3048    4.593
    3049    4.264
    3050    4.432
    3051    4.380
    3052    3.990
    3053    4.236
    3054    4.227
    3055    5.016
    3056    4.395
    3057    4.547
    3058    4.468
    3059    4.168
    3060    3.995
    3061    4.616
    3062    4.988
    3063    5.217
    3064    4.349
    3065    4.715
    3066    4.719
    3067    4.945
    3068    4.344
    3069    4.777
    3070    4.094
    3071    4.974
    3072    4.195
    3073    4.648
    3074    4.724
    3075    4.328
    3076    4.341
    3077    4.315
    3078    4.810
    3079    4.612
    3080    5.338
    3081    5.360
    3082    5.859
    3083    5.373
    3084    5.413
    3085    4.717
    3086    4.891
    3087    4.615
    3088    4.498
    3089    4.306
    3090    4.341
    3091    4.870
    3092    6.215
    3093    6.367
    3094    5.308
    3095    6.324
    3096    6.300
    3097    6.060
    3098    6.075
    3099    5.912
    3100    4.247
    3101    5.514
    3102    6.285
    3103    7.220
    3104    6.477
    3105    6.175
    3106    5.878
    3107    6.265
    3108    7.095
    3109    6.035
    3110    6.120
    3111    6.170
    3112    6.749
    3113    5.873
    3114    5.999
    3115    4.536
    3116    6.101
    3117    6.742
    3118    6.332
    3119    5.790
    3120    4.723
    3121    4.612
    3122    4.733
    3123    4.375
    3124    4.811
    3125    5.725
    3126    5.459
    3127    5.312
    3128    4.345
    3129    5.014
    3130    4.068
    3131    4.587
    3132    4.573
    3133    6.000
    3134    4.664
    3135    5.326
    3136    5.962
    3137    5.991
    3138    5.480
    3139    4.552
    3140    4.387
    3141    4.758
    3142    4.212
    3143    4.691
    3144    4.191
    3145    4.766
    3146    4.186
    3147    3.721
    3148    6.210
    3149    4.788
    3150    5.341
    3151    5.639
    3152    4.876
    3153    5.270
    3154    5.927
    3155    5.596
    3156    5.732
    3157    6.572
    3158    5.563
    3159    5.949
    3160    5.000
    3161    5.115
    3162    6.319
    3163    4.065
    3164    4.299
    3165    4.183
    3166    4.521
    3167    3.847
    3168    5.028
    3169    4.241
    3170    4.177
    3171    4.792
    3172    5.422
    3173    4.324
    3174    4.463
    3175    4.543
    3176    5.393
    3177    4.940
    3178    4.680
    3179    5.368
    3180    6.489
    3181    6.003
    3182    5.298
    3183    5.318
    3184    5.768
    3185    5.551
    3186    5.139
    3187    5.172
    3188    5.583
    3189    5.854
    3190    4.452
    3191    5.635
    3192    6.672
    3193    4.608
    3194    4.180
    3195    5.968
    3196    4.163
    3197    3.777
    3198    3.842
    3199    3.600
    3200    4.120
    3201    3.918
    3202    4.512
    3203    4.974
    3204    3.935
    3205    4.593
    3206    4.257
    3207    4.329
    3208    5.834
    3209    4.336
    3210    4.391
    3211    5.094
    3212    5.446
    3213    4.636
    3214    3.779
    3215    4.289
    3216    4.008
    3217    4.912
    3218    3.972
    3219    4.115
    3220    3.800
    3221    3.768
    3222    3.975
    3223    3.919
    3224    4.173
    3225    3.570
    3226    3.626
    3227    4.559
    3228    3.817
    3229    3.883
    3230    3.967
    3231    4.063
    3232    4.708
    3233    4.304
    3234    4.016
    3235    3.807
    3236    3.867
    3237    4.051
    3238    5.533
    3239    5.759
    3240    4.763
    3241    4.908
    3242    4.492
    3243    5.252
    3244    6.289
    3245    6.154
    3246    6.869
    3247    6.532
    3248    6.118
    3249    6.473
    3250    6.892
    3251    5.850
    3252    7.046
    3253    6.356
    3254    6.010
    3255    5.094
    3256    5.201
    3257    5.103
    3258    5.785
    3259    4.260
    3260    3.790
    3261    5.333
    3262    5.539
    3263    4.509
    3264    4.412
    3265    4.515
    3266    5.405
    3267    5.589
    3268    6.667
    3269    5.902
    3270    5.357
    3271    6.856
    3272    5.107
    3273    4.919
    3274    6.656
    3275    5.280
    3276    7.170
    3277    7.898
    3278    6.212
    3279    6.991
    3280    7.050
    3281    7.851
    3282    8.032
    3283    7.349
    3284    6.938
    3285    7.319
    3286    7.693
    3287    7.704
    3288    7.395
    3289    7.545
    3290    7.280
    3291    7.104
    3292    6.617
    3293    4.402
    3294    4.703
    3295    5.992
    3296    7.043
    3297    6.268
    3298    5.857
    3299    5.565
    3300    6.089
    3301    5.288
    3302    5.254
    3303    6.488
    3304    6.532
    3305    4.815
    3306    6.408
    3307    5.318
    3308    4.213
    3309    4.677
    3310    4.739
    3311    5.397
    3312    4.926
    3313    6.222
    3314    5.705
    3315    6.317
    3316    6.011
    3317    5.208
    3318    5.500
    3319    5.158
    3320    4.541
    3321    3.929
    3322    4.340
    3323    4.275
    3324    4.444
    3325    4.437
    3326    4.778
    3327    4.895
    3328    4.256
    3329    5.704
    3330    5.274
    3331    6.351
    3332    5.906
    3333    4.363
    3334    4.770
    3335    4.293
    3336    4.091
    3337    4.331
    3338    4.647
    3339    5.540
    3340    4.591
    3341    4.992
    3342    5.561
    3343    5.728
    3344    5.951
    3345    5.605
    3346    4.976
    3347    6.132
    3348    6.582
    3349    6.788
    3350    6.520
    3351    6.855
    3352    5.700
    3353    4.121
    3354    4.456
    3355    4.486
    3356    4.716
    3357    3.427
    3358    3.710
    3359    3.664
    3360    4.266
    3361    4.266
    3362    5.505
    3363    3.811
    3364    3.946
    3365    4.267
    3366    4.189
    3367    5.100
    3368    4.130
    3369    4.183
    3370    3.893
    3371    4.133
    3372    3.866
    3373    3.575
    3374    3.388
    3375    3.572
    3376    4.103
    3377    4.103
    3378    3.954
    3379    5.211
    3380    4.747
    3381    3.917
    3382    4.802
    3383    3.745
    3384    3.473
    3385    4.122
    3386    3.763
    3387    3.679
    3388    3.588
    3389    3.722
    3390    3.832
    3391    3.743
    3392    3.696
    3393    4.277
    3394    3.833
    3395    4.717
    3396    4.281
    3397    4.546
    3398    4.277
    3399    4.233
    3400    4.374
    3401    4.128
    3402    4.713
    3403    4.538
    3404    4.702
    3405    4.503
    3406    4.643
    3407    5.881
    3408    5.340
    3409    5.254
    3410    4.297
    3411    4.820
    3412    5.607
    3413    4.302
    3414    4.230
    3415    4.563
    3416    4.529
    3417    5.236
    3418    4.258
    3419    4.237
    3420    4.657
    3421    4.908
    3422    4.307
    3423    4.689
    3424    4.365
    3425    5.215
    3426    7.181
    3427    7.056
    3428    5.951
    3429    5.792
    3430    7.239
    3431    6.306
    3432    6.196
    3433    6.425
    3434    7.218
    3435    6.358
    3436    5.502
    3437    5.922
    3438    6.960
    3439    6.666
    3440    6.865
    3441    7.432
    3442    7.096
    3443    7.303
    3444    6.647
    3445    5.237
    3446    7.151
    3447    6.406
    3448    6.942
    3449    6.272
    3450    6.736
    3451    5.017
    3452    4.059
    3453    4.873
    3454    4.573
    3455    4.924
    3456    5.247
    3457    4.957
    3458    5.139
    3459    5.255
    3460    4.374
    3461    4.925
    3462    4.500
    3463    4.310
    3464    5.373
    3465    4.769
    3466    4.340
    3467    5.707
    3468    4.559
    3469    3.644
    3470    4.274
    3471    3.815
    3472    3.539
    3473    4.348
    3474    3.635
    3475    3.601
    3476    3.479
    3477    3.438
    3478    3.844
    3479    3.601
    3480    3.598
    3481    3.882
    3482    3.992
    3483    4.379
    3484    4.951
    3485    5.113
    3486    4.492
    3487    4.867
    3488    4.595
    3489    4.188
    3490    4.599
    3491    4.485
    3492    4.324
    3493    3.992
    3494    4.941
    3495    5.204
    3496    5.060
    3497    4.245
    3498    3.958
    3499    4.467
    3500    4.503
    3501    4.516
    3502    4.709
    3503    4.519
    3504    4.405
    3505    3.854
    3506    4.270
    3507    3.530
    3508    3.481
    3509    4.400
    3510    3.598
    3511    3.474
    3512    3.365
    3513    4.087
    3514    3.695
    3515    4.348
    3516    3.539
    3517    5.519
    3518    4.985
    3519    4.490
    3520    4.174
    3521    4.321
    3522    4.491
    3523    4.647
    3524    4.774
    3525    5.764
    3526    4.503
    3527    5.242
    3528    4.831
    3529    4.340
    3530    5.775
    3531    5.677
    3532    4.477
    3533    4.952
    3534    5.723
    3535    5.515
    3536    4.699
    3537    4.637
    3538    4.517
    3539    4.571
    3540    3.847
    3541    3.883
    3542    4.690
    3543    4.384
    3544    4.392
    3545    5.056
    3546    4.470
    3547    4.682
    3548    3.911
    3549    4.771
    3550    4.842
    3551    5.799
    3552    5.086
    3553    4.040
    3554    4.242
    3555    4.801
    3556    5.720
    3557    4.444
    3558    5.206
    3559    4.558
    3560    3.969
    3561    4.604
    3562    3.955
    3563    4.267
    3564    4.375
    3565    4.663
    3566    4.324
    3567    4.269
    3568    4.528
    3569    4.020
    3570    4.385
    3571    4.167
    3572    3.884
    3573    4.014
    3574    5.130
    3575    4.908
    3576    4.315
    3577    3.890
    3578    5.374
    3579    4.276
    3580    4.756
    3581    4.109
    3582    4.243
    3583    4.726
    3584    4.621
    3585    4.222
    3586    4.529
    3587    4.526
    3588    4.637
    3589    5.165
    3590    6.419
    3591    6.147
    3592    6.162
    3593    5.496
    3594    6.040
    3595    4.894
    3596    4.470
    3597    3.947
    3598    5.361
    3599    5.414
    3600    4.851
    3601    4.691
    3602    4.528
    3603    4.258
    3604    5.246
    3605    4.950
    3606    3.936
    3607    5.304
    3608    4.361
    3609    5.172
    3610    4.900
    3611    4.827
    3612    4.579
    3613    6.246
    3614    5.776
    3615    6.130
    3616    5.723
    3617    5.954
    3618    5.374
    3619    5.579
    3620    6.248
    3621    4.908
    3622    5.124
    3623    4.455
    3624    4.074
    3625    5.079
    3626    5.292
    3627    5.281
    3628    4.044
    3629    4.063
    3630    5.337
    3631    5.978
    3632    5.992
    3633    4.682
    3634    4.759
    3635    5.553
    3636    5.781
    3637    4.513
    3638    5.191
    3639    4.175
    3640    4.467
    3641    5.025
    3642    5.125
    3643    4.437
    3644    5.369
    3645    4.680
    3646    5.065
    3647    5.333
    3648    4.814
    3649    5.466
    3650    4.818
    3651    4.384
    3652    4.810
    3653    4.581
    3654    5.221
    3655    5.157
    3656    4.374
    3657    5.292
    3658    4.515
    3659    4.716
    3660    4.814
    3661    4.322
    3662    4.530
    3663    4.632
    3664    4.874
    3665    4.639
    3666    4.516
    3667    4.010
    3668    4.926
    3669    4.541
    3670    5.510
    3671    5.676
    3672    5.870
    3673    5.778
    3674    5.141
    3675    4.379
    3676    4.548
    3677    3.924
    3678    3.697
    3679    6.036
    3680    5.016
    3681    5.913
    3682    5.533
    3683    4.813
    3684    4.512
    3685    5.957
    3686    6.371
    3687    5.749
    3688    6.305
    3689    4.666
    3690    5.346
    3691    5.944
    3692    4.950
    3693    5.797
    3694    4.482
    3695    4.066
    3696    4.658
    3697    4.852
    3698    5.228
    3699    4.642
    3700    5.698
    3701    4.656
    3702    4.650
    3703    5.972
    3704    5.824
    3705    5.248
    3706    3.924
    3707    4.497
    3708    5.711
    3709    5.663
    3710    5.749
    3711    5.703
    3712    6.266
    3713    5.588
    3714    5.090
    3715    5.527
    3716    3.782
    3717    4.025
    3718    3.881
    3719    3.980
    3720    4.066
    3721    4.551
    3722    4.145
    3723    6.166
    3724    5.708
    3725    6.067
    3726    5.743
    3727    6.010
    3728    6.426
    3729    6.587
    3730    5.649
    3731    5.979
    3732    6.122
    3733    6.412
    3734    6.075
    3735    5.248
    3736    5.285
    3737    4.754
    3738    4.338
    3739    4.616
    3740    4.667
    3741    4.039
    3742    4.608
    3743    4.193
    3744    4.484
    3745    3.731
    3746    3.701
    3747    4.853
    3748    4.830
    3749    4.750
    3750    4.518
    3751    5.192
    3752    6.123
    3753    5.321
    3754    6.172
    3755    5.655
    3756    5.222
    3757    5.809
    3758    5.520
    3759    4.788
    3760    4.427
    3761    4.738
    3762    5.612
    3763    5.006
    3764    5.043
    3765    5.620
    3766    5.212
    3767    4.350
    3768    4.741
    3769    4.633
    3770    6.657
    3771    6.105
    3772    4.429
    3773    5.974
    3774    5.962
    3775    4.546
    3776    4.821
    3777    4.499
    3778    5.694
    3779    5.780
    3780    3.927
    3781    4.027
    3782    4.347
    3783    3.894
    3784    3.722
    3785    3.763
    3786    3.888
    3787    4.436
    3788    3.920
    3789    4.362
    3790    5.024
    3791    4.153
    3792    4.982
    3793    4.931
    3794    5.737
    3795    4.875
    3796    5.543
    3797    4.322
    3798    5.533
    3799    4.471
    3800    4.187
    3801    4.359
    3802    5.261
    3803    4.010
    3804    4.787
    3805    4.773
    3806    5.418
    3807    4.715
    3808    4.552
    3809    5.125
    3810    5.171
    3811    5.837
    3812    4.660
    3813    4.209
    3814    4.104
    3815    4.294
    3816    4.708
    3817    4.830
    3818    4.934
    3819    5.356
    3820    4.867
    3821    4.588
    3822    4.001
    3823    3.951
    3824    4.308
    3825    4.065
    3826    4.671
    3827    4.609
    3828    4.713
    3829    4.411
    3830    6.130
    3831    4.482
    3832    5.222
    3833    5.893
    3834    5.904
    3835    4.410
    3836    4.465
    3837    4.547
    3838    4.204
    3839    4.328
    3840    3.883
    3841    4.278
    3842    4.008
    3843    3.818
    3844    4.105
    3845    5.166
    3846    4.732
    3847    4.304
    3848    5.691
    3849    5.179
    3850    5.793
    3851    6.343
    3852    6.043
    3853    6.097
    3854    5.174
    3855    6.310
    3856    5.306
    3857    5.266
    3858    5.618
    3859    4.797
    3860    3.796
    3861    3.925
    3862    5.939
    3863    5.078
    3864    4.213
    3865    6.420
    3866    5.969
    3867    5.563
    3868    4.155
    3869    4.027
    3870    3.845
    3871    4.044
    3872    4.007
    3873    4.583
    3874    3.364
    3875    3.644
    3876    5.509
    3877    5.527
    3878    3.821
    3879    3.642
    3880    3.735
    3881    5.050
    3882    4.695
    3883    4.464
    3884    4.020
    3885    4.237
    3886    3.882
    3887    3.822
    3888    4.498
    3889    4.543
    3890    4.965
    3891    4.915
    3892    3.678
    3893    4.424
    3894    4.843
    3895    4.737
    3896    6.103
    3897    6.521
    3898    6.565
    3899    4.927
    3900    5.666
    3901    6.380
    3902    5.327
    3903    5.494
    3904    5.567
    3905    4.592
    3906    5.166
    3907    6.658
    3908    6.281
    3909    5.678
    3910    5.616
    3911    6.504
    3912    6.520
    3913    7.666
    3914    6.687
    3915    6.421
    3916    6.155
    3917    6.463
    3918    6.429
    3919    6.245
    3920    5.802
    3921    5.710
    3922    5.227
    3923    5.437
    3924    5.685
    3925    6.476
    3926    5.501
    3927    5.683
    3928    6.716
    3929    5.944
    3930    6.017
    3931    5.217
    3932    4.504
    3933    4.181
    3934    4.572
    3935    5.727
    3936    4.660
    3937    5.010
    3938    4.963
    3939    5.882
    3940    5.405
    3941    6.064
    3942    6.160
    3943    6.807
    3944    4.368
    3945    5.102
    3946    5.179
    3947    4.731
    3948    5.695
    3949    6.529
    3950    4.353
    3951    4.210
    3952    4.635
    3953    4.367
    3954    5.484
    3955    5.008
    3956    4.935
    3957    5.368
    3958    6.113
    3959    5.649
    3960    4.778
    3961    5.919
    3962    4.298
    3963    4.684
    3964    4.565
    3965    4.598
    3966    7.763
    3967    7.631
    3968    5.260
    3969    5.608
    3970    5.705
    3971    6.226
    3972    5.589
    3973    5.757
    3974    4.591
    3975    4.407
    3976    4.414
    3977    5.504
    3978    3.932
    3979    4.051
    3980    5.296
    3981    4.473
    3982    5.511
    3983    6.219
    3984    4.964
    3985    5.211
    3986    4.925
    3987    4.321
    3988    5.763
    3989    5.783
    3990    5.105
    3991    5.306
    3992    5.536
    3993    6.122
    3994    4.906
    3995    6.367
    3996    5.265
    3997    5.662
    3998    5.897
    3999    5.985
    4000    5.294
    4001    5.457
    4002    5.482
    4003    5.243
    4004    6.644
    4005    5.383
    4006    4.862
    4007    5.603
    4008    6.204
    4009    5.768
    4010    5.177
    4011    4.787
    4012    5.386
    4013    4.955
    4014    5.576
    4015    5.936
    4016    4.473
    4017    5.817
    4018    5.778
    4019    4.537
    4020    6.292
    4021    5.903
    4022    5.836
    4023    5.927
    4024    6.431
    4025    6.579
    4026    6.164
    4027    6.252
    4028    6.264
    4029    5.358
    4030    5.809
    4031    6.354
    4032    6.784
    4033    5.010
    4034    4.567
    4035    4.973
    4036    4.363
    4037    5.874
    4038    6.039
    4039    5.745
    4040    5.225
    4041    5.462
    4042    4.717
    4043    4.799
    4044    6.558
    4045    5.895
    4046    5.308
    4047    4.522
    4048    4.529
    4049    4.393
    4050    4.779
    4051    5.461
    4052    4.119
    4053    4.652
    4054    4.269
    4055    3.751
    4056    4.132
    4057    5.164
    4058    4.344
    4059    4.535
    4060    5.384
    4061    5.022
    4062    4.872
    4063    4.485
    4064    5.208
    4065    5.155
    4066    4.849
    4067    4.376
    4068    4.817
    4069    4.974
    4070    5.142
    4071    4.627
    4072    4.285
    4073    4.469
    4074    5.137
    4075    4.088
    4076    5.002
    4077    4.149
    4078    5.051
    4079    4.758
    4080    4.379
    4081    4.364
    4082    5.495
    4083    4.235
    4084    4.020
    4085    5.214
    4086    3.723
    4087    4.413
    4088    5.473
    4089    5.391
    4090    4.364
    4091    4.208
    4092    4.164
    4093    5.212
    4094    4.441
    4095    4.309
    4096    4.420
    4097    4.567
    4098    3.877
    4099    4.414
    4100    4.152
    4101    3.864
    4102    4.583
    4103    4.369
    4104    4.478
    4105    4.325
    4106    4.300
    4107    3.917
    4108    4.616
    4109    4.483
    4110    4.870
    4111    3.950
    4112    4.949
    4113    4.519
    4114    4.664
    4115    4.218
    4116    4.459
    4117    4.289
    4118    4.703
    4119    3.899
    4120    4.047
    4121    3.965
    4122    4.050
    4123    4.394
    4124    4.415
    4125    3.784
    4126    4.463
    4127    4.612
    4128    3.826
    4129    4.781
    4130    4.508
    4131    4.734
    4132    4.318
    4133    4.460
    4134    4.684
    4135    3.620
    4136    4.104
    4137    4.223
    4138    4.280
    4139    4.857
    4140    5.305
    4141    5.101
    4142    4.580
    4143    4.583
    4144    3.916
    4145    4.248
    4146    4.407
    4147    3.950
    4148    3.436
    4149    3.926
    4150    4.253
    4151    4.677
    4152    4.265
    4153    4.452
    4154    4.032
    4155    4.238
    4156    3.813
    4157    4.690
    4158    4.471
    4159    4.292
    4160    4.031
    4161    4.450
    4162    3.942
    4163    3.953
    4164    4.189
    4165    4.019
    4166    3.806
    4167    4.228
    4168    4.100
    4169    3.812
    4170    4.272
    4171    4.287
    4172    3.809
    4173    3.821
    4174    3.837
    4175    4.416
    4176    4.299
    4177    3.778
    4178    3.948
    4179    3.978
    4180    4.124
    4181    3.972
    4182    3.858
    4183    4.091
    4184    3.888
    4185    3.699
    4186    3.995
    4187    3.719
    4188    3.640
    4189    3.957
    4190    4.130
    4191    4.764
    4192    4.683
    4193    4.563
    4194    4.353
    4195    5.092
    4196    4.383
    4197    4.709
    4198    4.842
    4199    4.336
    4200    4.564
    4201    4.974
    4202    4.242
    4203    5.210
    4204    4.513
    4205    4.383
    4206    5.555
    4207    6.114
    4208    5.908
    4209    5.364
    4210    4.996
    4211    4.452
    4212    4.585
    4213    4.451
    4214    4.069
    4215    4.326
    4216    4.279
    4217    4.029
    4218    4.165
    4219    5.152
    4220    5.668
    4221    4.838
    4222    5.596
    4223    4.337
    4224    4.870
    4225    4.534
    4226    4.736
    4227    5.198
    4228    4.223
    4229    4.224
    4230    5.880
    4231    4.706
    4232    4.372
    4233    4.556
    4234    4.448
    4235    3.806
    4236    5.377
    4237    6.323
    4238    6.662
    4239    7.122
    4240    7.305
    4241    7.527
    4242    6.555
    4243    5.779
    4244    5.080
    4245    4.949
    4246    6.850
    4247    7.487
    4248    7.593
    4249    7.144
    4250    7.075
    4251    6.629
    4252    6.521
    4253    6.549
    4254    6.538
    4255    6.567
    4256    7.369
    4257    7.018
    4258    5.975
    4259    6.359
    4260    6.404
    4261    6.351
    4262    6.290
    4263    6.310
    4264    4.783
    4265    6.113
    4266    5.959
    4267    5.795
    4268    5.296
    4269    5.351
    4270    5.060
    4271    4.742
    4272    4.512
    4273    4.993
    4274    5.289
    4275    5.190
    4276    4.116
    4277    5.057
    4278    4.621
    4279    4.204
    4280    3.839
    4281    4.000
    4282    4.149
    4283    4.039
    4284    3.589
    4285    4.028
    4286    3.840
    4287    3.993
    4288    4.552
    4289    3.685
    4290    3.847
    4291    3.938
    4292    3.810
    4293    4.281
    4294    3.786
    4295    3.864
    4296    4.006
    4297    3.818
    4298    3.487
    4299    3.816
    4300    3.883
    4301    3.746
    4302    4.391
    4303    4.088
    4304    4.395
    4305    3.664
    4306    3.632
    4307    4.119
    4308    3.788
    4309    4.242
    4310    3.699
    4311    3.877
    4312    4.058
    4313    4.146
    4314    4.434
    4315    3.721
    4316    4.613
    4317    4.380
    4318    5.132
    4319    4.960
    4320    5.571
    4321    3.747
    4322    4.808
    4323    4.036
    4324    4.237
    4325    3.750
    4326    3.719
    4327    4.523
    4328    4.049
    4329    4.181
    4330    4.352
    4331    4.717
    4332    4.231
    4333    4.461
    4334    5.787
    4335    4.939
    4336    5.193
    4337    4.666
    4338    5.281
    4339    5.571
    4340    4.525
    4341    4.536
    4342    4.864
    4343    4.603
    4344    4.696
    4345    5.054
    4346    5.669
    4347    5.800
    4348    5.544
    4349    5.007
    4350    5.190
    4351    5.042
    4352    4.472
    4353    5.038
    4354    5.597
    4355    5.581
    4356    6.416
    4357    6.256
    4358    6.136
    4359    5.711
    4360    4.957
    4361    5.516
    4362    5.876
    4363    5.877
    4364    5.935
    4365    5.603
    4366    6.055
    4367    5.792
    4368    4.471
    4369    5.190
    4370    4.873
    4371    4.981
    4372    5.908
    4373    5.688
    4374    5.365
    4375    4.040
    4376    4.282
    4377    4.227
    4378    4.584
    4379    4.461
    4380    5.303
    4381    4.900
    4382    4.205
    4383    3.882
    4384    4.080
    4385    4.580
    4386    4.047
    4387    4.197
    4388    4.046
    4389    4.750
    4390    4.381
    4391    3.861
    4392    4.230
    4393    4.254
    4394    4.656
    4395    4.427
    4396    3.851
    4397    4.203
    4398    3.883
    4399    5.322
    4400    5.604
    4401    5.380
    4402    5.164
    4403    4.949
    4404    5.750
    4405    5.524
    4406    4.969
    4407    4.276
    4408    4.520
    4409    4.390
    4410    5.710
    4411    5.544
    4412    5.196
    4413    4.045
    4414    4.298
    4415    4.276
    4416    3.976
    4417    5.351
    4418    6.274
    4419    4.580
    4420    3.790
    4421    3.615
    4422    3.983
    4423    4.722
    4424    3.889
    4425    4.171
    4426    3.979
    4427    4.241
    4428    5.730
    4429    4.472
    4430    4.080
    4431    3.991
    4432    4.773
    4433    4.146
    4434    5.620
    4435    5.494
    4436    5.009
    4437    6.341
    4438    6.013
    4439    5.802
    4440    6.636
    4441    4.714
    4442    4.595
    4443    6.317
    4444    5.842
    4445    5.385
    4446    6.038
    4447    5.602
    4448    5.438
    4449    5.212
    4450    5.014
    4451    4.514
    4452    4.602
    4453    4.954
    4454    5.083
    4455    4.784
    4456    5.218
    4457    5.734
    4458    4.664
    4459    5.884
    4460    5.905
    4461    6.048
    4462    6.435
    4463    6.449
    4464    6.855
    4465    6.158
    4466    6.567
    4467    6.377
    4468    5.319
    4469    6.822
    4470    6.262
    4471    7.533
    4472    6.642
    4473    8.439
    4474    8.380
    4475    8.396
    4476    9.653
    4477    6.457
    4478    4.864
    4479    5.246
    4480    4.010
    4481    3.960
    4482    4.645
    4483    3.416
    4484    3.642
    4485    6.715
    4486    5.664
    4487    5.809
    4488    4.978
    4489    5.976
    4490    5.672
    4491    5.500
    4492    4.172
    4493    5.290
    4494    6.207
    4495    5.051
    4496    4.295
    4497    4.631
    4498    4.764
    4499    4.488
    4500    4.410
    4501    4.343
    4502    4.688
    4503    4.617
    4504    4.685
    4505    4.328
    4506    4.735
    4507    5.973
    4508    5.719
    4509    4.476
    4510    4.475
    4511    5.471
    4512    6.350
    4513    6.131
    4514    6.117
    4515    4.884
    4516    4.557
    4517    4.717
    4518    4.500
    4519    4.193
    4520    4.301
    4521    4.948
    4522    6.991
    4523    7.400
    4524    6.046
    4525    5.300
    4526    5.129
    4527    4.794
    4528    4.324
    4529    4.521
    4530    4.536
    4531    4.397
    4532    4.741
    4533    3.658
    4534    4.737
    4535    4.945
    4536    4.998
    4537    4.147
    4538    4.892
    4539    6.358
    4540    4.050
    4541    4.279
    4542    4.100
    4543    4.353
    4544    4.176
    4545    4.206
    4546    3.622
    4547    3.979
    4548    4.047
    4549    3.792
    4550    4.152
    4551    4.358
    4552    3.957
    4553    3.862
    4554    3.707
    4555    3.321
    4556    3.989
    4557    3.838
    4558    3.828
    4559    3.844
    4560    3.703
    4561    3.470
    4562    4.018
    4563    4.429
    4564    5.800
    4565    5.313
    4566    5.643
    4567    5.679
    4568    4.139
    4569    3.706
    4570    4.135
    4571    4.256
    4572    3.601
    4573    4.026
    4574    3.464
    4575    3.811
    4576    4.299
    4577    4.763
    4578    3.933
    4579    4.337
    4580    4.209
    4581    4.290
    4582    3.820
    4583    3.875
    4584    4.384
    4585    3.862
    4586    4.638
    4587    4.022
    4588    3.820
    4589    3.796
    4590    4.268
    4591    4.309
    4592    3.905
    4593    3.599
    4594    4.190
    4595    4.488
    4596    3.971
    4597    4.212
    4598    4.050
    4599    3.858
    4600    4.102
    4601    3.835
    4602    4.027
    4603    3.702
    4604    3.561
    4605    4.034
    4606    3.672
    4607    4.550
    4608    3.867
    4609    3.587
    4610    3.332
    4611    3.791
    4612    3.802
    4613    4.278
    4614    4.831
    4615    4.445
    4616    5.312
    4617    4.567
    4618    5.024
    4619    4.584
    4620    5.157
    4621    5.104
    4622    5.615
    4623    5.182
    4624    4.253
    4625    4.595
    4626    4.450
    4627    4.264
    4628    4.249
    4629    4.044
    4630    3.435
    4631    3.853
    4632    3.449
    4633    4.210
    4634    4.425
    4635    4.753
    4636    4.132
    4637    4.221
    4638    4.533
    4639    4.413
    4640    4.398
    4641    4.473
    4642    4.323
    4643    4.955
    4644    4.471
    4645    5.089
    4646    4.632
    4647    5.711
    4648    6.518
    4649    6.199
    4650    5.346
    4651    5.460
    4652    4.230
    4653    5.389
    4654    4.811
    4655    5.460
    4656    5.145
    4657    5.407
    4658    4.986
    4659    6.567
    4660    5.917
    4661    5.186
    4662    5.378
    4663    6.134
    4664    6.119
    4665    6.707
    4666    6.365
    4667    7.007
    4668    6.196
    4669    7.522
    4670    7.200
    4671    6.853
    4672    6.743
    4673    6.618
    4674    6.520
    4675    5.986
    4676    5.307
    4677    6.012
    4678    5.186
    4679    5.268
    4680    4.531
    4681    4.925
    4682    4.419
    4683    4.123
    4684    4.325
    4685    3.992
    4686    3.822
    4687    3.883
    4688    3.698
    4689    4.127
    4690    3.849
    4691    3.701
    4692    4.062
    4693    3.689
    4694    5.363
    4695    4.513
    4696    5.821
    4697    4.693
    4698    4.649
    4699    4.306
    4700    5.606
    4701    5.200
    4702    6.018
    4703    5.513
    4704    5.765
    4705    5.728
    4706    6.458
    4707    7.052
    4708    6.420
    4709    6.546
    4710    7.609
    4711    7.010
    4712    6.820
    4713    6.996
    4714    7.109
    4715    7.436
    4716    7.297
    4717    6.590
    4718    6.279
    4719    5.644
    4720    7.014
    4721    5.982
    4722    6.531
    4723    6.204
    4724    6.997
    4725    6.587
    4726    6.902
    4727    7.124
    4728    7.031
    4729    6.891
    4730    5.038
    4731    4.840
    4732    5.298
    4733    6.033
    4734    5.142
    4735    5.131
    4736    5.821
    4737    6.148
    4738    5.870
    4739    5.712
    4740    4.921
    4741    5.550
    4742    6.378
    4743    5.264
    4744    4.847
    4745    5.044
    4746    4.486
    4747    4.262
    4748    4.962
    4749    4.608
    4750    3.921
    4751    4.184
    4752    5.054
    4753    4.413
    4754    4.045
    4755    5.380
    4756    5.214
    4757    4.658
    4758    3.837
    4759    4.202
    4760    4.412
    4761    4.107
    4762    5.237
    4763    4.693
    4764    3.966
    4765    4.504
    4766    4.774
    4767    6.343
    4768    4.698
    4769    5.799
    4770    4.750
    4771    7.012
    4772    6.283
    4773    5.848
    4774    5.861
    4775    5.542
    4776    5.800
    4777    5.578
    4778    6.601
    4779    5.704
    4780    6.148
    4781    6.240
    4782    6.113
    4783    7.081
    4784    6.818
    4785    5.266
    4786    6.770
    4787    5.346
    4788    5.012
    4789    5.115
    4790    5.974
    4791    4.656
    4792    5.175
    4793    5.359
    4794    5.716
    4795    5.301
    4796    5.118
    4797    5.155
    4798    5.062
    4799    6.577
    4800    6.632
    4801    6.445
    4802    6.153
    4803    6.440
    4804    5.778
    4805    6.594
    4806    6.390
    4807    6.446
    4808    6.454
    4809    5.794
    4810    6.109
    4811    4.522
    4812    4.857
    4813    5.285
    4814    5.090
    4815    4.390
    4816    4.698
    4817    5.192
    4818    5.060
    4819    6.202
    4820    5.758
    4821    6.198
    4822    5.940
    4823    5.450
    4824    4.515
    4825    5.600
    4826    4.803
    4827    4.535
    4828    4.268
    4829    4.482
    4830    4.857
    4831    5.203
    4832    5.036
    4833    5.030
    4834    4.596
    4835    5.167
    4836    5.849
    4837    5.321
    4838    4.766
    4839    4.942
    4840    5.306
    4841    5.239
    4842    5.757
    4843    6.396
    4844    5.826
    4845    4.195
    4846    5.171
    4847    5.144
    4848    4.738
    4849    5.685
    4850    5.132
    4851    6.019
    4852    5.417
    4853    4.919
    4854    5.721
    4855    5.896
    4856    5.157
    4857    5.070
    4858    4.498
    4859    4.710
    4860    4.410
    4861    3.911
    4862    5.226
    4863    5.412
    4864    4.212
    4865    4.018
    4866    3.948
    4867    4.055
    4868    4.277
    4869    4.151
    4870    5.281
    4871    3.886
    4872    4.533
    4873    4.831
    4874    4.454
    4875    4.842
    4876    4.680
    4877    4.861
    4878    5.207
    4879    4.227
    4880    5.071
    4881    4.473
    4882    3.993
    4883    4.888
    4884    3.988
    4885    3.943
    4886    3.956
    4887    4.013
    4888    3.900
    4889    4.168
    4890    3.953
    4891    4.176
    4892    3.686
    4893    3.755
    4894    4.192
    4895    4.079
    4896    3.983
    4897    3.726
    4898    4.074
    4899    4.125
    4900    3.751
    4901    3.853
    4902    4.159
    4903    3.945
    4904    4.781
    4905    4.060
    4906    4.345
    4907    4.217
    4908    4.288
    4909    4.269
    4910    4.337
    4911    4.397
    4912    4.431
    4913    4.207
    4914    4.131
    4915    4.413
    4916    3.997
    4917    4.112
    4918    4.286
    4919    4.010
    4920    4.393
    4921    5.487
    4922    4.476
    4923    4.407
    4924    4.196
    4925    4.473
    4926    3.798
    4927    4.389
    4928    4.547
    4929    4.299
    4930    4.236
    4931    4.158
    4932    5.092
    4933    4.280
    4934    4.740
    4935    3.850
    4936    4.445
    4937    3.969
    4938    3.831
    4939    3.972
    4940    4.407
    4941    4.543
    4942    4.954
    4943    6.259
    4944    5.077
    4945    4.561
    4946    4.110
    4947    4.348
    4948    4.669
    4949    4.511
    4950    5.056
    4951    5.487
    4952    6.798
    4953    6.301
    4954    6.611
    4955    6.741
    4956    6.869
    4957    7.030
    4958    7.212
    4959    6.447
    4960    6.082
    4961    6.008
    4962    6.926
    4963    6.493
    4964    6.746
    4965    6.355
    4966    6.486
    4967    6.464
    4968    6.946
    4969    7.226
    4970    6.533
    4971    6.176
    4972    7.137
    4973    6.740
    4974    6.958
    4975    7.170
    4976    6.016
    4977    5.332
    4978    5.998
    4979    3.646
    4980    4.283
    4981    3.523
    4982    3.771
    4983    5.203
    4984    5.966
    4985    5.354
    4986    3.714
    4987    3.838
    4988    4.223
    4989    4.111
    4990    5.394
    4991    4.397
    4992    3.763
    4993    4.192
    4994    3.622
    4995    3.812
    4996    3.905
    4997    3.794
    4998    3.836
    4999    4.742
    5000    4.480
